0
1
12;23;109;463;734;939;1024;1084;1299;1373;1422;1789;2123;2252;2411;2771
160;626;635;786;920;985;1130;1170
2
3
34
49;93;115
65
1261
1404;1795;1881;2182;2255
3150
3222;3314;3414
3237;3289
3288
4;6;9;191;346;654;724;750;912;1034;1105;1313;1383;1449
5;8
16
119;653;802;889;1259;1544;1571
183;414;723;840;896;982;1439
21;27;209;235;343
24
33;496;533;839;981;1154;1182;1229
208
1251;1420
1382;1403
2500;2667
2521;2721
2522
2675
2568;2807
2593
2615;2787
2634
2636
2674
2698
2726
2806
2841;2878
2941
1286;1312
1641
1689;1722
1393
1494;1727
1527;2095;2276;2438
1646;2334;2962
1986;2304
1603;2540;2661
1693;1797
1849;2250;3043;3107
1885
2007
2032;2138;2262;2422;2530
2242
1324
1371
1604;1625;1755;1860
2167
2813;3122;3243
1857;2115;3053;3153
2506;2554;3030;3074;3119;3182
2621;3152
1530;2185;2209
1579;2651;3125
1348
1372;1581
1394;1696;2243;2900
1421;2291;2581
1464;1480;1902;2059;2452
1465;2868
1679
1607;2068
3082;3175;3260
3115;3451
3116
3358
3129;3233
3135
3142
3189
3167
3188;3232;3494
3362;3493
3216
3247
3277
3297;3380
3435
3485
3220
3221;3235
3444
3472
3533
3564
3130
3285
3591;3633
3611
3190
3269
3311;3443;3505
1555;1705;3092;3117
2146;2490;2690
3049
40;454;468;575;704;838;846;866;949;1057;1214;1944;2350;2611;2631;2917;3249
316;1311
117;306;629;1115;1194
11;43;367;444;738;1014;1111;1287
147;231;593;897;952
