0
1
7
67;184;221;453;770
89
8;257;360;603;623;847
11;46;155;3028;3145;4208
66;209
519;790
418;651;823;932;1217;1299;2798;3952;4524;4904;5067
473;584
642;1135;1277;1783;2585;3673;3833;3995;4051;4550;4900
706;952;1438;1563;1590;1742;2216;4695
2
10;44;53;867;1473;1603;1761;2145;4661
14;85;139;756
15;17;21;280;355;793;1085;2192;2304;2556;3031;3148;3189;3675
36;138;676;711
38;1403
62;1062;1244;1789
65;118;152;1066;2593;3329;3729;4482;4601;4698
72
181;408;1101;1118;2565
354;682;812;880;1321;1376;1821;2444;2601;2759;2801;3381;3846;4762
98;108;820;1439;3287;3564;4557;4788
125
809;877;1185;2066;2188;2570;2889;4062
1052;1100;1748;3269
5;554;1147;3032;3111;3785;4518
12
27
197;287;777;1059;1325;2307;2684;2834
70;81;135;950;1126;1941;2379;3428
489;564;806;996;1202;1234;1341
670;927;1148;1352;2651
828
1109
1174;1805;2542;2941;3450;4991
2164;3258
829;872;990;1048
1249;1729;2320;3057
894
959
1252
1423
1578;3220;3578;3807;4711;5123
1772;2504;3305;3804
2236;2731;2772;3577;3659;4126;4344
3752
1049;1525;1971;2047;2242;2511;3070;3442;3570;4462
1521;1616;1688;1924;2739
2613;3053;3126
895
1542;2196;2226;2310;3250;4263;4739
1548;1920;2162;2238
1880;2436;4184
1155;1181;2208;2785;4505;4918;4990
1177
1178;1257;2049;2211
1228;2493
1308
1309
2120
2323;3867;4080;4577;5010
1482;2859;3959;4919
1912;2272;2667
1956;2609;4500
1998;2905;4017;4383;4640;4911
2705
3185
4151
4512
3230;3265
3266;4153;4363;5017;5119;5131
3510
3546
3548
4047
3071
3316;3718
4096;4442
3184
3229
3465;3773;3883;4200;4401
3632;4041
3991
2584
2629;2826;2872
3463
3582
2950;3228
3540
3025
3101
4726
3871;4185;4392
4436;4586;4747
3410;4545
4687
4865
5268;5372
4961
5091;5295
5210
5213
5229;5256;5294
5062
5063
5134;5293
5166;5242
5179
5180;5279;5552
5184
5190;5312
5204
5205
5251
5254
5283
5286
5320;5479
5322
5378
5389
5040
5215;5420
5041;5079
5151
5093
5214;5391
5246;5359;5485
5357;5505
5392;5417
5393
5484
5486
5094
5110
5171
5277
5584
5196;5331
5327;5360
5216
5325
5593;5606
4236
3803
1483;1575;3469;3831;5038;5130
P_0
306;608;763;2190
39;54;74;654;853;1235;1703;1828;2378
1131;1216;1326;1507;1701;1786;2553
4
