0
16
29;177;264;514;1032
30
39;86;239;410;469;639;1921;2904
51;784;837;2038
303;352;619;673;779
2
7;13
68;140;291;580;892;973;1028;1379
1302
1675
9
59;372;739;2316
80;158;750;1231;1714;2029
290;780
517
10
853;1347;1457;1950;2804
1870;2658;3064;3091
20;60;338;438;471;1030
25;147;492;1555;2373;3440
46;171;490
48;187;346;396;496;1673;1946;2259;2749
67;316;369;656;987;1149;1399
91;170;556;863;1716;1907;2125
129;688;817;1026;1311;1958;2036;2803
923;982;1207;1425;3441
3
6
57;103;348;638;1202;2809
73;1173;1722;2165
12
28;1458
217
398;792;1597
349;625;933;1724;2137;2748;3127;3285
426
703
768;1100;1225;1413
1895;2015;2484;2529;3373;3577
862
1022;1131
1445
941
1230;1937
2191
966
1070;1330;2446;3246
1514
536
684;725;811
1536;2234;2428;2483;3242
1932;2233;3427
812
938;1096;1607;1655
910
911;963;1444;1812;1891
1020;2106;2377;2681
1504
1649
1711;1858
1857
1859;2397;2494
2059;2294;2639
2200;3178
2245
2290;2492
2635;2920;2962
2246
1264
1623
2116;2210
2504;2650
2653;2794;3482
1544
3475
1584;1903
1621
1820;1941;2731
1622
1670
1712
1757;2734
1823
1986
2063
2205;2403
2784
2975
3145
3558
3710
3749
3597
3607
3618
3742
3743;3875
3832
3833
3627
3688;3876
3639;3760;3932
3653;3926
3678;3829
3690
3706
3955
3694
3709;3730
3711
3727
3756
3758
3780
3782
3783;3806
3807
3840
3951
4039
3420;3501;3559
3600;3868
3629;3993
3775
3419
3608
3641;3789;3974
3609
3672
3644;3769
3654;3815;3853;3941
3656;3858
3657
3696
3697
3752;3862
3772
3851
3866
3461
P_0
33;143;199;549;1035;1725;1768;2663
24;56;81;538;1251;1467
160;485;1834;1998;2085;2374;2859
329;381;510;613;775;822
78;163;463;808
1
