0
2
3
11
28
63;91;184;240
35;84
55
85;110;259;348;416
432
520
465
443
448
623;665
988
1011
1032;1208
871;1090
914;1009
915
954
1059
1093
985
1008;1084
1029
1054
1127
1203
610
777
952
1081
1240
827;913
643
982
1007
1145
558
563;592
560
571
882
743
561
598
843
586
618;632
645
707
845
846
887
568
714
805
574
725
726
579
608
619
681
682;718
559
640
564
580
609
570
600
642
911
981;1233
1006;1045
1044;1109
980;1302;1319
1021;1185
1041
1046
1317
734;824
910
948
825
950
1005;1066
1040;1065
1177
909
949
1176
979;1214
1016
1015;1311
500;575
562
552
M3_0
439;461
450
1;5;90;102;230;254;327;417;434
