0;1
2
7;281;453;713;872;1190;1480;1987;3331;4001;5365
145;416;434;584;1085;1784;3136
160;451;597;912;920;3196;4057;4675
280;518;919;1107;1206;1259;1414;1953;2873;3535;3598
8;95;207;283;601;1687
15
80
262;462;1136;1273;1620
103;136;530;708;1146;1203;1793;3473
16;315;995
19;59;1201;1253
141;961;976;1140;3201;3264;4396
411;758;889;981;1429;3871;4123
672;1380
4
43;427;740;1421;2024;2266;2416;4405
70
174
275;347;817;1242;1561;1862;2028
9
28
52;543;859;1078;1442;1487;1633;1714;3812;4006
32;51;1451;1666;2163
3044;3673;4682;5286
41;590;629;646;1019;1037;1280;2814
78;192;236;1053;1102;1243;1694;3671;3874
79;1094;1279;1732;1797;1920;2515;3138
115;406;493;735;1295;2023;3333;3675;3807;4245;4786
171;626;661;686;1124;1164;1298;1496;2045;2113
287;717;2050
1662;1742
2093;2956;3500;4844
2094;2655;3168;3501
2134
2332;2893;3015;3898;4417;5075
2333;2779
2595
3013
3014
3435;4086;5073
1697
2360;2763
3684
2578
2579;2881;3104
2762
5239
1768
2586;3117
1769
4364
4413
1866;1991;2164
1868;3068
1956
1995;2208;2483;3948;4199;4736;5030
2030;2167;3109
2089
2366
2371;2773
2429;3822
3618;4141;5169
1518;1723;2185;3131;3916
1537
1747;2399;2554
1943
3518;4755
1627
1975
1808;1909;1967
1911;2732
2070;2546;3968
2256;2908;4161
2729
1641;1663
1938;2899;4094
3022
4850
1722
1770
2958;3219
1961;2036;2139;3511
2098
2387;4473;5079
2490;4090
2722
2076
2303
3248
2979;3460
2980;3089;3245;3719
4110
4490;5336
2738;3398
2739;3797;4614
2981
3659
3929;4051;4552
2982;3994;5091;5297
2983
3662;5298
2008;2075
2622
3187;3589;4767
3653;4819;5228
2676
5261
5447;5482;5492
5506
5340
5393;5437
5517
5551
5363
5543;5560
5559
5584
5608;5650
5457
5464;5488
5465;5489
5469
5471
5514;5545
P_0
20;53;188;867;922;1659;2200;4827;4980
117;649;777;839
186;232;422;974;1488;1802
6
1210
89;359;378;546;1274
