0
1
11
249;607
250;325;649
815;861
15
32;130;666
112;198;260;304;382;1203;1437
16;341;566;1338
196;323;402;796;1073;1105;1150;1268
2
19
218;265;571
455;883;963
3;4
5;81;366;511;674;1317;1357;1631
6;44;437;1474
754
839
997
1069;1249
1304
1851
2016
2047
2048;2073
2045;2169
2066
2088
2124;2146
8;26
9;30;619;743;786;832;1174;1643
14;116;223;447;492;507
17;243;335;545;1155;1290;1325
18;31;209;389;688;990;1079;1381
66;548;611;632;1004;1022
131;780;894;928;1245
151;399;456;1283;1441;1683;1708
173;195;284;536;576;952;1111;1270
244;561
712;1085
725;753
819
1026
1047
957
1341
1339
1340;1352
1353
1400
1511;1550
1387
1457
1458;1507;1584
1413
1524
867;1241;1303
977
838;879;924
853
866
944
1450
1589;1624;1870;1913
1660
1688;1963;2009
1723
1776;1874
1705
1713
1714
2058
1763;1794;2080
1846
1534;1611;1622;1887
1575
1633
1755
1927;2019
1710
1600
1722
1793
1907;1937
1646;1753
1658;1904
1697;1731;1879;2051
1865
1922;1943
2043;2097
2060
2096
1981
2033
2086
2107;2259;2379
2120;2198
2200
2201
2207
1995
2063
2140;2391
2141
2064;2142
2087;2111
2232
2314
2044;2065
2213
2418
2102
2145
2290
2166;2182;2362
2282
2360
2397
2399
2440
2444;2470
2471
1684
M3_0
1656
142;773;1281;1318
7
