0;1
2
8
35;118;427
167;1324;2956
204;250;541;605;825;884;1550;1748;2205;2578;3203
14
51;58;625
71;215;279;349;567;858;975;1158
33;802;1196;1498;3172
3
5
17
93
105;128
402;514;814;1233;1315;1394;1747;2158
225;555;1170
245;757;795;1018;1205;1282;1410;1703
559;580;790;2799;2977
1062;1979;2674
84
369;470;616;1972;3024
7
36;81;155
341;801;1236;1454;1910;2400
415;1975
194;266;396;459
9
18;24;321;800;2065
13;44
87;110;136;457;747;1173;1356;1798;1912;2622;2682
88;337;508;1354;1400;2669
31;176;911;2449
45;360;575;882;1272;2680
55;127
122;237
509;776;976;1448;1792;2444
382;872;1012;1925;2029
1046;1681;1778
1118;1264
1119;3362
1189;1579;2471
574
704
833
1251
1471
862;1174
865
914;1072
1036;1071;1987
617
895;1010;1145;1480
1624;1676;1937;2994
683;1882;1944;3001
705
791
2184;2334;2724;3078
894
898
1040;3208;3259;3429
1043
1183;1719;2414;2738;3398
1332;1424;2514
1426
1478;2086
1630
2726
1049
1440;1580;1633
2195
1120;1190
1584;2972
2003;2434;2485;3305
2004;3167;3193
1231
1305
1535
1735
1308
1638;2301
1784;2199
1341
1442;2251;2567
2298;2483;2971;3005
1387
1541;3387
1737
2968;3192;3289
3061
2302
2571;3015
3018
3226
3408
3518
3256;3330
3567
3293
3461;3563
3500
3225
3309
3370;3459
3479
3292
3329
3421;3460
3769
3388
3403;3440
3511
3851
3514;3804
3606
3800
3332;3855
3333
3391;3466;3726
3425;3879
3446;3937
3504
3522;3923
3523
3545
3570;3933
3602
3637;3915
3640
3670
3697
3749
3790
3826
3942
954;3019
869
260;604;2202;2667
M2_1
197;270;437;484
172;236
