0
1;3;37;66;73;76;97;131;167
2
33;128;182;183;239;242;254;257;274;285;300
45;52;78;145;149;155;262;265;290
298
318
363;386
395
312
319;358
329;352
368
4;5;38;48;109;138;163;250;272;286;303;374;413;435
457
468;602
502
635
670
6
51;152;164;237
81;143;191;212;217;251;269;273;276;305;316;382
227;230
32
438;440
442
447
482;832
461;493
536
739
444
448
491;579
445
470
769
451;453
483
489
553;681
643;684
735
869
439;465;512
544
464;475
543
622
467;499
632
821
890;917;961
477
661
488
665;1047
693;757;788
814
466;657
487
526;545;566;655;754
567
626
692
891
963
1128;1235
1019
892
919
1071
1072
1089
1092
1212
1241
1256
1246
1250;1358
1259
1293
1327
1399
1238
1244
1287
1396
1242
1257
1243
1301
1342
1253
1307
1325
1348
P_0
423
415;429;449;500;943
402;432
425;430;431;434;446
404;436;441
408;411;433
361;424
M1_2
