0
1;5
67;213;250;525;729;1048
2
3
10;18
63;144;366;572;1351;1416
162
196;521;538;625;948;1020;1160;1230;1530;1649;1814
264;299;380;626;691
13
55;292;390;918;1322;1501;1619;1664
484;683;840;1012;1045
345;414;495
6
19;46;559;695;984;1021
29;34;42
30;388
44;156;566;951;1115;1175
94;371;438
4
938
1073;1153
1389;1406;1424
1815
1860
2165
523;556;1030;1058;1465
610
937;1609
1623;1644;1677
1624
1645
1669
1661;1680
1240;1253
1302
1387
1274
1285
1332
1346
1407
1079
1683
1691
1817
1818
1904
1794
1785
1801;1962;1981
1959
1684
1692
1772;1926
1821
1731
1754
1834
1830
1832;1893
1751
1769
1819
1827
1741;1755
1837
2312
1874
2038
2083
2110
2113;2269
1953;2304
2010
2035;2174
2081;2299
2137
2217
2302
1873
1975
2169
2000
2211
1895
2054
2167
1797
1812
1875
1929
2125
2197
2244
1977
1876
1956
2201
2290
2045
2248
1822
1992;2014
2228
2013;2027
2191
2122
1976
2011
2025
2001
2086;2314
2088
1651
1610
M3_0
1303;1388
M2_1
680;856;1053;1239
11;37;185;787;825;836
