0
1
19;36
20
93;186;194;196
2
15
45;52;78;145;149;155;262;265;290
298
310
341
312
329;352
368
86;154;158;161;221;241;293;296
4;5;38;48;109;138;163;250;272;286;303;374;413;435
457
468
602
635
6
68;129;137
227;230
438;440
442
447
771
800;986;1008;1146
461
444;448
479;492
535;612;683
445;470
480;518
483
489;606
560
439;465;625
651
650
467;499
477
694;717
958
488
550
792
546;658
548
660;716
693;757
761
466
487
1010;1035
526;545;566
628
656;1001
692;786
714;844
900;968
921;971
953
824
982
891
1038
1155
892;1041;1207
919
980;1027;1198
1054
1074
1091;1161
1111
1151
1162
1168
1186
1191
1241
1261
1361
1246
1250
1281;1337
1289
1380
1238
1244
1249;1252
1347
1242;1257
1243
1248
1284;1299;1340
P_0
423
415;429;449;500;943
65;88;148;232;248;252;420;426;1078;1236;1239;1245
318;402;432
425;430;431;434;446
404;436;441
408;411;433
361;424
M1_2
