0
1
6;389;1240;1348;2915;3268;3893;4298;4897
7;242;358;779;1005;1406;1506;1745;3895;3945;4369;4408;4729
11;46;155;3028;3145;4208
66;209
519;790
418;651;823;932;1217;1299;2798;3952;4524;4904;5067
473;584
642;1135;1277;1783;2585;3673;3833;3995;4051;4550;4900
706;952;1438;1563;1590;1742;2216;4695
2
10;44;53;867;1327;2370;2638;3947;4109
15;17;21;280;355;793;1085;2192;2304;2556;3031;3148;3189;3675
38;1403
62;1062;1244;1789
65;118;152;1066;2593;3329;3729;4482;4601;4698
72
181;408;1101;1118;2565
19;565;1018;1375;2244;2281;2591
125;1052;1100;1748;3269
5;100;227;661;1020;2630
12
27
244;653;807;1599;2255;3082;3694;4490
197;287;777;1059;1325;2307;2684;2834
24
350;931;1086;1245;2742;2914;3187;3424
1661;1937;2061;2843;2962
49;69;485;1663;1826;2292;2517;4734
70;81;135;950;1126;1941;2379;4599;4809;5153
114;214;383;486;521;1289;1399;4255
150;796;1134;3238;3639
670;927;1148;1352;2651
828
3312;4019
829;872
990;1048;1361
1224;1303
894
959;1175;1725;1909;2455
1027;1111
1416;1844;2112;2573;2856;4026;5047
1689;1774;3138;3353;4072;4530;4987
2201;2457;2577
2904
895;1542
1198;1640;1681;2537
1230;2329;2508;3022;3492
1306;2279;3755;3973;4135;4319;4611;4679
1364;1577;1807;2459;3448;3523
1486;3222;4181
1488;2781;3387;4274
1568;2034;2806;2849;4074;4763;4944
1623;2126;3314
3971;4081;4388
2003
2166;3260;4672;5008
2241
2321;3059
2705
3185;4100
3318
3367
3548
3634;3720
2951
3071;3633
3989;4654;4722;4957
4148
4195
4240
2584
2629;2826;2872
3669;3768;3877
4036;4190;5175
3143;3766
3982
2950;3228;3540
4321
4865
5162
5225
5268;5372
4961
5091
5212
5413
5295
5169;5182
5170;5274;5475
5062
5063
5109;5167;5209
5163;5191;5287
5164
5201
5369
5236;5344
5249;5340;5434
5251
5346
5347
5374
5040
5150
5491
5041;5079
5151
5426
5093
5214
5258
5508
5094
5110
5171;5277
5196
5327;5360
5328
5185
5233
5301
5415
5593;5606
4236
3803
P_0
306;608;763;2190
39;54;74;654;853;1235;1703;1828;2378
1131;1216;1326;1507;1701;1786;2553
4
