0;1;2
3;7;62
25;119;262;358;599
27;123;165;189;212;336;407;525;557;632;650;722
764
813
876
848;985;1012
984
778;849
793
1010
1044;1203
1094
1201
1325
814
831
1053
851
1097
1133
1267
41;101;144;149;357;473;532
43
91;111;276
539;661;704
711
734
1678
221;300;392;474
258;402;447;513;593;634;664;694
236
442
466;490;505;622
266;308
296
306;394;437
352
383;461
425
502
529
797
796;1061
857
933
733
766;780
854
779;1055
666;1209
693
736;1322
790;808;1195
705;867;910
715;968
728
1185
741
1072;1475;1496
750
785;822;1073
1084;1406
1150
1458
1227
1353
1466
1487;1619
1804
1467;1488
1552
1294
1444;1509;1616
1295;1354;1556;1568
1412;1582
1424
1445;1470;1489;1713
1465;1526;1720
1469
1676
1490
1549
1578;1802
1677
1702
1764
1771
1650
1794
1795;1938;1989
1824;1843
1874
1825;1886
1885;1896
1741
1920
1778
1863
1779
1881
1840
1853
1854
1855
1864
1956
1025;1491
410;562
366;543;644;653
1298;1912
923;1557
107;140;170
