0
1
11
250;325;649
815;861
15;112;198;260;304;382;1203;1437
16;341;566;1338
2
19
47;61;170;541;572
102;133;641;906;1396;1738
454;740;968;1128;1238;1635;1677
5;81;366;511;674;1317;1357;1631
6;44;437;1474
754
839
997;1069
1249
1304
1851
2016
2048;2073
2045
2169
2066
2124;2146
8;26
14
18;31;209;389;688;990;1079;1381
66;548;611;632;1004;1022
151;399;456;1283;1441;1683;1708
171;610
173;195;284;536;576;952;1111;1270
712
1098
725;753
819
1120
1341
1494
1339
1340;1352
1487
1353
1400;1528
1386;1564
1387
1423;1449
1445
1462
1482
1486
1546
1028;1101
867;1029
838;879;924
866;941;1116
1450
1589;1624;1870;1913
1623
1650;1704
2025;2083
1659;1839;1959
1705
1763;1794
1534;1611;1622
2003
1575
1948
1600
1703;1711;1792
1793
1884
1672;1719;1752;1852
1697;2075
1732;1857;1970
1733
1772
1922;1943
2043
2059;2070
2251
2375
2096
2133;2294
2215
1981
2033
2099;2121
2162
2269
2061
2086
2178
2311
2098
2120
2198
2199;2381
2135
2156
2174
2297
2303;2338
2305
2349
1995
2063
2064
2142;2209;2236
2318
2087;2111
2044;2065
2245;2328;2465
2372
2282
2321
2398
2409
1684
1413
1656
131;1358;1371;1410;1637;1921;2116;2419
142;773;1281;1318
7
