0;1
2
8
23;73;119
3
6;106
7;10
38
4;5
17;20
104;280;299;358;548;559;583
633;763
813
132
12
14
144
163
328
400
643
964
595
608
631
154
237;259
369
509
391
418
410
411
413;439
453;485
484
514
582
168
246;286
308
318;357
350;363
589;789
590
593
597
737
599
739
623;679
637;738
638
658
705
712
816
866
686
1192;1329
1379
687
936;1023;1253
953;981;1226;1322
980;1098
827
918
952;1000;1022
1353
999;1043
1173
867
1178
1281
919;1002;1046
1068
1255
1256
1214
1271
625
688
717
1025
719
751
793
829;987
869;1005
939
1054
626;1038
627
1136
1167
628;666
1040
721;945
798
991;1160;1208
1109
830
924;978
1081
1065
461;584
260;492;580
544;568
450
557
46;97;107;128;152;298;510;566;576;578
54;100;116;133;141;143;146;147;167;294;442;565;579
25;53;81;129;145
66;112;121
