0
1
5
6
29;39;42;154
41;91;155
13
48;168;393;573
129;158
189;295;356;475
537
637
816
566
574
638
649
749
2;3
15
17;21;171;438
36;194;329
49;65;83
4;28
9
12
38
381
126
156
223;422;844;1174
253
270
283;458;769;824;894;1154
457
492;593;656
1306
165
201;216;314;387;627;947
224
259;301;459;518
287;325;508
271;559;1062
190;623;640
191
199
241
371
541
1063
209;436
212;379
218
265;642;653;1281;1325
273
318;705
686;874;929;984;1180
225
582
583
859
858;1011
1200
814
835
845
916;1165
960
1004
1163;1225
1366
1371
1350
1361
1386
1393
1410
1411
1413
1430
1433
1434
1444
1328
1382
1383;1421;1507
1387
1405
1497
1498
1442
1457
1516
919;1146
727;1234
81;527
