0
6
63;130;801;1040
161;721;849;1084;1808
12;71;263;851
3;30;429;735;759;1079
4
25;47;171;228;920;1437;1552;1755
64;528;657;1457
143;157;322;2195
7
21;35;213;242;2340
230;622;761;865
282;517;949;1130;1491
890;1362;2221
8;275;503;918;952;1436;1584
19;29;156;441;553;868
32;107
34;273;424
39;307
56;1104;1865
225;440;2372
373;436;743
572
756
1173;1657;1692
1652
620;634
834;1938;2225;2343
877;895
1099;1446;2304;2498
694;1685
727;1868;1896
741
753
833
873
836;879
875
1205;1843
1225
1256
1469
1501
1959
2398
2425
703
862;1599
887;1073;1178
988;1432
1123
1153;1350
1179;2060;2138;2348;2402;2484;2584
1404
1476;1602;1746;1824;2116
1481;1633;2137
1576
1628
2027
2403
1070;1598;2026
1148
1394;1425;1625
2063
2314
2611
2684;2738
2193
2214
2236
2293;2351;2434;2639
2706
2271
2294
2456
2459
2490
2589
2652
2662
2704;2729;2772
2745
2460
2747
2776
2829
2819
2822
2461
2622
2733
2754
2796
2851
2734;2832
2761
2788
2848
2709
2810
2824
P_0
863;968;1181;1747
1263
2
259;631;667
344;376
