0
1
31;77;210;390;584;893;2312
88;171;502;661;885;1249
117;1044
133
898
1089;1167;1653;2300;2350
2
53;315;396;696;896;967;1564
9
857
19;29;107;359;449;592;1112
28;192
35
36;343;683
58
471
1397;1886
82;132;366;595;864
84;442;908
119;297;405;922;1191;1654;1806
140;522;651;739;927;1077;1471
186;406;495
213;1030;1049
218;306;455;850;1364;1395;1560
223;365;497;938;982;1247;1681;2314
270
328;454;490;568;736;841;1398;1453;1853
335;1269;1781;1979
340
581
606;694;1887
659;940;980;1075
914
716
836;911
1083
740;1280;1307;2100
769
789
846
932;1206
1463
847
889;945;1086
959;1431
1127
1163;1993
1306
835
902
1521
946;1604
1036
1095;1197
1200;1274
1378
1595
1961
2020;2146;2330
2096;2319
961
1357
1358
1501
2074;2323
1549
1576
1609
1633;1666
1718
1087
1208;2283
1532;1923
1164;1286
1165
1166
1285;1311;1385;1670
1309;1359
1388
1415
1488
1724
1750
1869
1443;1673
1534
1978
1585
1675;1882
1676
1706
1752
1972
2006;2112
2401
2299;2327
2326
2419;2432
2427
2430
2431
2445
2455
2463
2471
2489
P_0
193;782;1187;1909
39;621;933
M2_0
49;70;176;714
M1_0
