0
1
38;682;983
322
364
853
2
105;340;1401;1455;1769
368;1029
4
12;49;350;539;1069;1404
665;697;1204
5;13;96;1081
8
90
194;1491;1648
9
18
20;157;392;434;787;837;964;1147;1276
33;326;1377
35
42
44;167;308;430;516;982
68;497;912
70;130;241;450;652
94;137;232
123;1221
136
163;558;828;1150
202;268;311;569
229;267
313;568
351
378;447;826
540;674
574;777
608;874;1152
760
411
535
631
1384;1462
646
720
1060
1119
567;1265
597
603
785;945;1822
1137
626
645;717;972;1167
653;782;1872;1901
676
689
715
744;921;992
749;905
783
1009
1158
1163
1597;1908
1801
979;1141
1468;1878
1544
1098
1124
1125;1237
1574
1142;1287
1143;1473;1526
1186
1201;1316;1358
1299;1469
1301
1333
1334
1365;1394
1387
1418
1505
1607
1625
1709
1751
1144
1302
1188;1238
1214
1320
1862
1343;1641
1396
1483
1631
1639;1842
1781
1863
1425
1450
1765;1796
1968
2001
2012
1884
1905
1911
1945
2006
1917
1919;1974
1934
P_0
M1_0
245;301;789
342;398;503
375;436;462;490
78;240;670
M1_1
