0
2
5
3
432;1328
4;12
6;14;30;37;349;731;777;1325
7
309;347
784
8
25
161
299;358
39;92;217;419;547;600;1048
45;264;284;728
53;155;162
66;257;294
98;107;252;977;1194;1617
146;421;687
182
435
448;624;829
941;1120
1240
211
328
874
247
272
273;355
297
305;556;631
353
850
395;651
409;551;1009
410
542;972
629
819;1712
856
876;1591
908
936
1378;1715
1652
695
1018
1166
1315
862;937
1066
1067;1190
1087
1170
1189;1516;1893
1212
1232
1464
1694
797
1022
1358
863;1192
880;897
898
1270;1401
938
1521
955
1091
1641
996
1021
1023;1616;1983;2014
1088
1089;1172
1396
1581;2026
2029
2080;2130
2081
2085;2092
2094
2100
2108
2111
2115
2124;2167
2096
2149
M4_0
M4_1
P_0
M1_0
71;170;192
1;202
