0;1
2
8
3
6;106
38
4;5
104;280;299;358;548;559;583
604
813
132
14
144
163
328
400
643
753
595
608
645;835
757;804
151;153
165
174;240
154
162
369
391
399
411;447;464
413;439
543
419
437
441
470
496;512
569
177
301
191
223
271
349
573
587;897;934
588
590
593
597
599;680
600;639
637
935
664
684
856
686
1212
687;936;1252
827
918
952;1000;1022
1251;1343
999;1043;1145
1143;1247
867
1282
919;1002
1323
1068
1095;1312
1097;1197;1291;1348
1140;1347
625
1185
689
1104
720;1154
751
796;871;957
1008
1052
626
627
752;1134
798
923
990
830;961
1086
1133
799
997
1065
1066
461;584
260;492;580
544;568
450
557
46;97;107;128;152;298;510;566;576;578
54;100;116;133;141;143;146;147;167;294;442;565;579
25;53;81;129;145
66;112;121
