0
1;5;67;213;250;525;729;1048
2
3
8;17;31;62;622
13
51;222;443;1324;1466;1697
99
345;414;495
6
1038;1163
30
44;156;566;951;1115;1175
94;371;438
193;709
237;412;422;563
4
938;1073;1153
1815
1845
1860
1931
523;556;1030;1058;1465
937;1609
1623;1644
1624
1645;1784
1655
1765
1762
1779
1643;1652;1701
1654
1240;1253
1274
1285
1303
1385
1407
1458
1460
1170
1283
1683
1691
1849
1984
1863
1794
1785
1684
1692
1772
1771
1809
1829
1751
1994
1753;1770;1795
1769
1803;1855
1828
1741;1755
1836;1844
1837
1954;2039;2182
2220
1874
2036
2062;2084;2114
2081
2217
2330
1873
1975
2000
2171
2132
1797
1812
1859
1875
1929
2125
1977
2094
1876;1956
1822
2041
2192
2233
1976
2011
2025
2001
2065;2187
2086
1651
1389;1406;1424;1610
M3_0
1388
M2_1
11;37;185;787;825;836
