0
1
7;48;78;88;185;285;378;1351;2069;2306
8;339;903;2479;3240
11;46;155;3028;3145;4208
66;209
519;790
418;651;823;932;1217;1299;2798;3952;4524;4904;5067
473;584
642;1135;1277;1783;2585;3673;3833;3995;4051;4550;4900
706;952;1438;1563;1590;1742;2216;4695
631;964;1050;1529;1865
2
15;17;21
280;355;793;1085;2192;2304;2556;3031;3148;3189;3675
38;1403
62;1062;1244;1789
65;118;152;1066;2593;3329;3729;4482;4601;4698
72
82;785;1885;2795;3200;3241
167;206;907;3207;4633
181;408;1101;1118;2565
57;96;147;212;346;594;1972
125;1052;1100;1748;3269
5;321;440;474;672;1298;1978;2599;3599;4166;4735
9;13;31;503;616;705;746;926;1407;1437
12
27
197;287;777;1059;1325;2307;2684;2834
16
30;124;583;1007;1042;1798;3247
42;133;505;841;902;1034;1470;1699;1824
134;163;199;211;769;1029;1370;2994;3036;3731
670;927;1148;1352;2651
828
940;1806
1280;2045;2469
1302;1552
1456
829;872
990;1048
1418;2541;3806;4536;4913
1651
2085
894
959
1252
1423;1877;3358;4177
1772;2504;3134
1485;1996;2360;2545;4820
3752
2037;2500;3016;3348;3571;3746;5157
2581
895
1542;2196;2226;2310;3250;4263;4739
1155;1181
1198;2897;2940;3300;3621
1226;1281;2170;2507;2624
1309;2120
1364;1808;2160;2359;2501;2901
1482;2698;2814;3357;4071;4565;4666
1483;1575
4024
1490
1882;2173;3350
3351
1543;3296;3572;4125
1583;2397
2352;2607;3083;4671
3099
2705
3185;4100
3548
3585;3885;4244;4445;4773;4993;5128
3071
3316
3718
4443
3633
4095;4196;4441
4240
4590;4618
2584
2629;2826;2872
3264;3419
3420
3463
3932;4239
4038
3143;4541;4883
3543
3765;3979
3815;4322;4593
4356;4750;4929;5015
2950;3228;3540
3101
3624;4031
3412
3460
4139
4616
3469;3886;4105
4545
4865
5162;5225;5282
5268
4961
5091;5193;5476
5169;5182
5183
5210;5244
5063
5165
5290
5109
5291;5411
5409;5445
5133
5134;5168;5472
5166;5350
5181
5202
5226;5237
5236;5345
5040
5150
5232
5215
5421
5363
5041;5079
5336
5548
5093
5214
5246;5359;5485
5395
5094
5110
5171
5231
5262
5185;5431
5197
5365
5429
5519;5544
5578
4236
3803
P_0
306;608;763;2190
39;54;74;654;853;1235;1703;1828;2378
1131;1216;1326;1507;1701;1786;2553;3410
4
