0
1;14;64;122;207
2
33;128;182;183;239;242;254;257;274;285;300
45;52;78;145;149;155;262;265;290
298
318
355;364
312
313
329;352
332
368
4;5
38;48;109;138;163;250;272;286;303;374;413;435
457
668
468
602
635
6;227;230
7
438;440
442
462
800;986;1008;1146
461
445
451;453
582
613
463
472
480;831
483;1043
484
489
510;776
541
439;465
544
651
464;475
511
467;499
598
477
817
488
550;819
887;916
667
793
815
882
885;1024;1046
466
657
487;779
526
545;566
655;754
873
567
714;844
875
824
1103
1130
891
963
1156
892;1006;1097
919
1028
1133
980
1126
1042
1145
1051
1056
1070;1109
1075;1195;1230
1113
1162
1166
1241
1296
1246;1292
1250;1358
1267
1293
1295
1336
1385
1238;1244;1287
1242
1251;1345;1373
1257
1243
1300
1308
1350
P_0
423
415;429;449;500;943
402;432
425;430;431;434;446
404;436;441
408;411;433
361;424
M1_2
