0
1
15;32;89;200;243;293;399;546;814
2
162
3;4
308
327;383;415;487
509
927
1084
1646
1229
1488
1127
1128
1167
1257
1259
1538
10
18;31;86
40;78
168;233;260;299;310;378;398
297
527
616
672
549
559
569
563
629
632
376
508;532;575;600;661
349
355
583
743;792
755;767;879
756
776;923
812
1043;1550
1219;1496
768;794
805;951;1083
837
924;1108
991
673
728
785;1133
870
954;1049;1131
701
791;802
811;984;1068
1067
765;808;843;928
896;1118;1798
932
958
1303
1125
1205
1309;1702
1047
1114
1449
1147
1182;1353
1223
1226
1250
1388
1391
1399
1503
1563
1707
1062
1149
1286
1321
1717
1782
1150
1183;1227
1126;1151
1405;1738
1639
1762
1211
1358
1289;1530
1402
1524;1806
1629
1676
1726
1727
1729
1789
1794
1827
1843
1406;1816
1688
1964
2050
1689;1833;1871;1995
1764
1954
1830
1832
1862;1989
1881
1888
1934
1970
1996
1327
1946
1582
1899
1817
2182
2183
1834
1877;1902
1901;2042
1904
1929
1978
2010
2014
2070;2128;2171
2129
2108
2220
684;807;1374;1768
564;1187;1213;1297
652;747
1086;1184
772
M3_0
535;996;1011
752
147;156;186;192;205;277;340;372;431;438;521;536;1470;1767
97;537;544;556;731;995;1651
104;311;498;514
7
