0
1;5
309;312;334;412;502;531;556
2
3
10;18
56;110;199;271
118;160;175;206;287
176;396
13;283;303;357;364
6
22
128
4;11;36
379
408;439
777
1011
1029
1134
1136
785
805
1008
1409
858
860;990
1024
1054
1124
1175
1290
378;631
635
642;655
672;685
646
636
643
744
648
659;726
701
641;645
668
647
475;482;517
476;483
507;545
472
661
664
824
971
679;840
756
786;808
992
713
730;863
745
763
768
662
665
734
758
692
938
693
795
717
773;793
792
851;963
715
731;934
765;815
704;718
796;804
1035
797
1189;1256
1484
834
1073
1101
999
1037
1518
833
942
1015;1067
1068
981
1515
855
1098
1295
1593
759
775
835
890
1162
1333
1334
944
1328
1004;1045
1385
1112
1161
1047;1494
783
818;856
922;1079
966;1003
1197
1382
889
1153;1192;1313
857
1050
1583
1051;1460
984
1052
1508;1680
1088;1224
1168;1220
1170;1285;1544
1171;1287
1221;1284
1223;1634
1282
1345
1582
1628
1660
891
892;1022
1087
1048;1623
1351
1463
1711
1509
1615;1816
1510
1551
1590
1639;1855
1643;1822;1858
1687
1689
1691
1758
1707;1829
1731
1755
1774
1792
695;737;968
644
546;553;563;632
M3_0
M2_0
499
60;221;694;735
7;272;622;626
63
126;339;351;353
