0
1
3;10;97;112;173;392;425;1073;2154;2253
5
20;40;115;327;610;645;770;841;857;2663;2954;3364;4511
78;303;584;608;666;1179
205;653;1048;1162
237;441;1168;2493
7;21;254;489;1527;1637;2134;2444
12;16;1470;1573;1642;2425;2711;3942;4543
58;69;227;502;1219
118;329;412;504;1244;2044
158;414;469;601;621;831;1386
2325;2773;3177
2824;3065
177;256
773;948;1067;1207;1458;1604;2096;2451;2557;3318;3384;3452;3516;3569;4131;4234
2
108;451;625;1905;1924;2049
130;317;369;762
1845;1880;2315
652;2364
4;29;294;1092;1717;1867;2037
8;103;151;567;582;1027;1739
18;631;1419;2490;2732
24
43;226;377;750;791;1197;1297;1489;1597;1987;2220
322;668;1461;2208;2324;2517
30;73;341;843;1439;1613;2710;2864
37;939;1760;1844;2904
804;1378;1644;2408;3880;4478
732;761;864;1151;1862
809;1689;2001;2285
863
1028
1290
903
930;987
953;1660;2203;2316
2453
2638
3072
2870
2871;2977
2975;3246
3135;3460
3192
3245;3327
3253
2004
2166
2265;2456;3086;4482
2645;2982;3478
2646;2679;2876
2228
2264
2393
3083;3697;3774;4134
2287;2830;3202
2288
3206;3260
2318;2592;2641
3700;3812;4315;4370
2428;4631
2138;3522
2184;2266
2245
2267
2349
3154
2369
2884
3037
2289
2290;2762
2319;2397;2883;3403;3531
2401;2434;4100;4284
2433;2569
2682;2880;3207
3042
3780;4040
4614
2322
2613;3106
3224;3359
3605
2350
2402
2769;2808;3217
2462
2766;3343
3002
2435
2693;2729
2896;3218
3486
2944;3591
4377
2463;2812
3791
3833;4179;4213
2571
2943
2611;2658
4049
2953;3716
3108;3173
4248
3056
4148
4493
4591
3174
3798
3838;4154;4397
3984
4192
3877
3982;4266;4395
4121
4357
4392;4538
4358;4573
4719
3502
3929
4119
4152
4705
3613
4021;4350
4185
4086
4258
4256
4526
4628
4699
4752
4398;4477
4710
4883
4979
4711
4765
4687
4721
4915
4916
4740
4731
4957
4958
4732
4777
4921
4700
4701
4794
4702
4712
4714
4745
4735
4737;4909;4951
4746
4755
4757
4808
4811
4853
4908
4612
2713;3323;4312
3571;3766;4201;4235
M5_1
952;1506;2150;2283;2366;2675
1592
M2_0
167;200;262
