0;1;2
3;7;10
27;84;101;158
6
11
25;80;103;115;127;195;255;375;415;503;520;633
680
711
947;1246
1211
732
752;1105
773
1064
1171;1212
1250
36;70
394;535;607
618
645
1758
1797
1827;1860;1950
1888;1917
2046
2080;2231
124;130;135;324
140
229
249;371
155;179;416
170;343;378;418;440;454;491;518
235;473
306;423;452;487
327;382
759;833
958
834;932
651
756
831
687
886
924
644
683
697
509;595;655;820
548
652
717
790
1000;1222;1331;1425
1002;1276;1762;1921;2155
590
646;768;912;1241;1486;2325
654;907;1202
729;945;1239;1413
908
942
610
640
840;1523;1597
1122
641;724
678;1014
749;1568;1626
1050;1083
1052
1317;1478
1393
1407
1648
2724
1168
1418
1210
1488;1687;2289
1243
1244;1292;1542;1558
1343;1469
1555;1691;1972
1611;1660;2014
1420
1534;1877
1539
1556
1934;1978;2631
1557;1754
1686
1942;1985;2168
1795;2170
1856
1915
2069;2408
2255
2497;2633
2560
2769
2589
1990
2413;2596
2414;2737
2501
2105;2532
2106;2411
2171;2382
2212
2213;2567
2338
2340;2378;2799
2456;2687
2457
2498
1667
1886
1949
2147
2180;2435
1796
2109
1857;2175
1858
2108
2472
1992
1993
2038
2040
2073
2140
2259;2303
2602;2650
2804;2827
2883
2673
2821
2823
2651
2816
2818;2842;2968
2870
2944
2766
2919
2940
2788
2829
1315;1619;1892;2581
778;884;1761
1544;1828;2118;2279
959;1448
257;419
223;401;512;521
731;850;1543
32;47;57;157;172;185;485;577;620;709
72;91;106
