0;1
2
8
28;149
296;332;631;1109;2077;4195
2715;5607
94;664;1108;2444;2547;3485;4936
518;1193;2275
14
32;703;1073;1362
80
4559
4835;5105
6349
1160;1838
1279;1650;4102
3
5
309;365;597;679;1452;2218;3186;3565;3868;4674;4732;5660;6192
489;509;690
11;38;206;517;559;1156;1285;1831;2764;3017;3742;4416
12;278;492;972;1375;2396;3077;3790;3979;4458;4508;4893
26;424;567;673
72
120;823;2810;3620;4297;4730;5112
423;712;2270;3863
277;617;1317;1696;4901
9
237;252;335;1765
6322;6357
428;1137;1365;2164;3251;3380;3426
477;579;620;694;1656
19;36;361
30;398;572;1361
52;117;242;1041;1278;1516;1597;2072;3984;4571
97
113;197;338;551;575;1154;3573;4048
442;671;866;1320;1637;2327;3933;5792
204;243;514;720;970;3481;4087;4790
676;1222;1504;1592;4670;4842;4978
615;692;874;1731;2578
764;872
873;4218;4376;5582;5663
925;1535;1621;4634
1067;1443
504
757;839;911;1609;1710;2079;2343;2932;2979;3496;4695
813;892;2614;3271;3761;4106;5209;5351
841;2930;3263;3755;4268
893;2240;2288;2346;2562;6149;6279
1021;1163;1613;2028;2084
1200;1242;1523;2896;3312;3823;4057
1665
4167;4586
540;794;1619;2042;2571;3103;3439;4313
614
963;1492;2623
656
816;871;1794;1992;2467;4112
1354;1852;2096;3209;4589;4994
1676;1991;3452;5087
762
957;1940;3440;4427;5510
989;1089
919;1671;1783;1985;2567;3038;3756;5041
1090
1123;1529;2037;2681;3029;3314;4013;5208;5455
1173;1725;2573;3682;4531;5287;5615
1175;3390;3882;4175
1560;3951
1989;2508;2669;4059
3347;3581;3937;5424
5391;5806
1750;3833;4494
875;4961;5004;5128;5811
928
1094;1677;2152;3467
1577;2366;3065;3471
2256;3404;3957
1000
1068;1858
1180;2525;2745;2948;3166;3904;4129
1538
2112;3610
1028;1177;1950;2204;3064;3120;3608;3723;4499;4820
1181;1500
2425;2639;3473;4345;5668;5808
4960;5045
1214;1311
1216;1405;2379;2589;2949
1262;2517;3546
1265;1410;3538;4879;5518
1310;1625;3652;4393;4606;5707
1313;1628;1861;2426;3409;4432
1356;1498;2208;3613
1446
1501
1539;2694
1693
1854
2384;5438
2952;3719;4237
3226;4699
3074
3418;5103
5266
5480
5596;6059
5935
6004
5443
5478;5634
5675
5594
5635
5677
5865
5866
6053
3556
4037
3417
3661
3974
3851
3917;3972
4284;4444
4932
3665
3853
4080
4190
3976;4144
3977
4145
4290
5644;5832
5679
5683
5767;5834
5873;6070
4616;4660
4785
5444
6017
4838;5198
5685
4839
4888;4974
5149
5567
5848
5269
5568
4975
5270
5377
6188
5018
5523;5729;5965
5526;6091;6222
5569
5687;6025
5774
6231
6358;6426
6375;6411
6451
5910
6144
6275
6354
6370
6301;6325;6346
6335
6189
6392
6190
6312
6395
2588;2635;3287;3324;5437
3839;4396;5544
1632;2429;5227;5294;5470
847;3075
1899;2092;4043
763
217;528
M2_1
17;98;118;166;225;376;420
152;196
