0
1
23;86;257;693;950;1042;1048;1065;1086;1521;1560;1808;1814;2030;2059;2154;2191;2336;2510;2523
46;53;146;251;365;383;698;707;874;926;1250;1611;1663;1702;1750;1816;1886;1918;1959;2142
166;224;470;621;725;875;951;1074;1274;1291;1367;1371;1657;1914;2085;2197;2225;2285
4;8;41
5;10;133;162;221;323;329;338;357;379;399;459
11;20;51;71;535;985;1047;1232;1271;1283;1334;1522;1733;1860;2031;2179;2352
2392
2401
2459
2402
2403
2495
2407;2411
2418
2421;2599
30;82;214;266;295;433;791;979;1132;1212
37;318;362;368;404;471;492;524;619;624;638;729;764;1133;1183;1228;1337;1417;1588;1598
1562;1792;1815;1880;2043;2109;2267;2277
2307
2698
2807;2848
2731
2889;3018
124;138;756;904;1125;1225;1239;1394;1623
2521
2605;2675;2680;2697
2699
2707
2626
2672;2673;2706;2716
2722
2746
2758
2733
2810
2704
2717;2782
2554;2612
2614
2630;2643
2636;2667;2677
2683
1913
1948;1993;2014
2324;2372;2416
1936
2027;2070
1967;1974
2083;2092
2120
2208
2705
2761;2816
2785
2819
2820
2713
2957
2759
2760;2813;2852
2812
2708
2709;2720
2710
2869
2725
2737
2795
2797
2924
2701
2740;2752
2714;2769
2727
2771
2879
2775
2885
3020
3040
3090
2982
3015;3028
3121
3052;3118
3009
3021
3023
3024;3060
3083
2655;2670;2676;2679;2700
M2_0
2652;2662
2604;2644;2668;2686
2539;2628;2653
3;7;19;92;150;286;420;467;1286;1345;1362;1542;1568;1595;1648;1710;1716
66;240;289;508;526;529;741;1056;1313;1320;1518
