0
3;20;22;32;111;300;319;482;560;824;980;1483;1550;1648;1945;2242;2613;2875;2910;3846;4064;4091;4175
4312
4522;4858;5357;5414;6345;6590;6841;7226;7756
5979;6291;7084
4313;4336
4377
6619;6963
5458;5535;7013;7039;7151;7227;7575;7671;7687;7747;7765
4380;4527;4814
4422;4703;5915;6008
4423
4456
4726;4754;5151;5571;5624;6006;6101;6154;6866;7241;7820
4458
4501
4581;5040;5267;5908;5937
4670;5654;6522;6688;6804;6860;7222;7316;7543
5147;5418;6130;6295;6386;6445;6725;7104
5860;6129;6800;6856;7143;7378;7398;7489;7716
5;563;628;867;900;1833;2922;3154;4998
8;181;196;411;420;1302;2899;2929;2941
9
23;89;309;370;454;555;573;667;729;1322;1360;2127;2145;2163;3035;3572;4002;4104;4200;5053;5849;7782;7804
101;152;282;803;1094;2366;2415;2752;3408;4233;4310;4375;5168;5219
10
36;126;209;242;340;349;474;519;1005;1124;1227;1241;1499;1911;1942;2255;2279;2314;2706;2874;3044;3611;3629;3794;3999;4413;5405;6075;6463
51
122;151;160;248;308;361;399;464;530;1203;1949;2640;3298;3362;3541;3648;3875;3888;4066;4106;4145;4453;5195;5666;6313;6972;7022;7098;7157;7197
7214
7352
8220
8227
8241
8242
8243
8255
8278;8287
8306
413;438
503;624;778;965;1299;1627;1655;2005;2321;2549;2671;2743;3256;3351;3580;4168;4993;5105;5131;5244;5347;5868;5921;6012;6207;6397;6812;6849;7496
543;1173;1337;1622
1700;2046;2480;2502;2600;2795;2883;3955;4094;4353;4764;5020;5741;6104;6481;6933;7119;7134;7174
2482;2601;2835;3366;3542;3578;4338
564;632;2091;2113;2405;2483;2561;2756;3975;4006;4428;4614;4789;5297;6031;6052;6258;6696;6830;7106
684;1130;1400;1426;1554;1828;1843;1978;2170;2216;2670;2725;3293;3711;3865;3893;4053;4339;4429;4465;5367;5631;6053;6106;6548;6567;6789;7243;7322;7556;7618;7642;7802
817;997;1051;1174;1338;1350;1363;1399;1425;1448;1505;1840;2048;2073;2228;2287;2421;2582;3071;3173;3254;3492;3958;4256;4765;4969;5318;5345;5840
1098;2304;2526;2546;2848;3051;3801;4316;4641;4732;5444;6432;6756;6878;7087;7366
494;681;1395;1423;1565;1976;2014;2351;2692;3204;3816;4236;4460;4502;4760
587;2096;2674;3001;3041;3464;3645;3716;4594;5026;5350;5990
622;1064;2166;2954;3206;3901
7753
7780
7834;7985
7871
8013
8063
7758
7999
8000
8036;8114
8092
7835
7845
7858
7853;8006
7873
7888
7938
7988;8085
7995
7392;7420;7437;7620;7754;7774
7824
8322
8351;8448
8357;8428
8368
8345
8347
8348
8354
8359
8404
7798
7879
7861
7847
7862;7893
7910
7393;7621;7760;8023;8128
8184;8216
8191
8195
8235
8329
7423
7941;8170
8144;8152
7881;7973;8148;8163
8182
7759;7810
1010;1033;1281;1364;1386;1770;1817;2105;2562;3030;3592;3905;3959;4033;4766;5319;6238;6714;7058;7475;7682;7908;8117;8185;8190;8200
495;598;964;1754;1977;2185;3172;3189;3619;4050;4147;4263;4843;5545;5762;6091;6601;6875;7041;7706;7772
4531;4584;5509;6801;7126;7548
4481;4728;5180;5335;6234;6272;6642
57;137;166;228;273;338;363
