0;1
3
7
12;135;201;212;228;261;313;405;415;456;474;716
304
340;365;369;391;433;436
516;517;518;520
525
573;626
629;654
633
639
641
669
631
85;95;99;164;208;211;248;258;296;301;383;417;427;431;434;488;648;774
836
842
92;107;134;185;203;209;270;287;292;367;381;394;399;410;426;430
232
300
439
479
443;472
491;496;505
527
571;585
584
368;521;524
540;568;575;589
570
594
607
647
682
750
735
661
723
748
766
671;708
672
673
760
725;773;809
729;780;1023;1030;1047
782
843;849
944
972
847
848;1024
854
887
888
892
920
938
985
989
1006
1017
1028
1049
1025;1036
1127
1029;1067
1032
1055
1056
1035
1037
1099
1111
627
M2_0
P_1
664
796
19;53;96;132;178;198;206
