0;1
2
19;31
5;92;143;283;334;384;392;456;469;481;527;753;759
7;82
8
13;454;695;832;882;913;919;1441;1810
46;103;230
15;30;47;440;715;836
25;61;78;173;327;344;505;534;604
412
433;437;462;608;814;822;827;869;893;1000
1423;1581;2087;2130
2926
2927
2943
3074
2971
2998
3075
3119
3146
212;465;478;519;549;669;808
1113
1201
1202
1357
1354
1356
1381;2618
2736
2832
2843
2859;2875
2301
2385
2323
2000;2433;2569;2928;2973
3219
828
854;862
935
966;978;2109;2229;2246;2349;2368;2852;2936
910;958;1763;1783
934;965
1299;1781;1835;1934
840
903;1203;1234;1498;1769;2040
908;931
879;963;1124;1412;1676;1780;2146
899
946;1363
991;1362;1543;1587;2042;2092;2305
1139;1290;1662;2328;2443
2622;2757
904;1372;1408;1709;1898;2375;2392
916
948;986;1068;1929;2182
1454;1572;1611;1956;2396;2498
922;1084;1411;1831;1994;2421;2565;2744;2837
940
974
1455
985
2028
1081;1373;1671;1733;2051;2376;2450;2513
1184;1687;1878;2835
1248;1369;1623;1880
1252;1277;1901;2050;2222
1340;1951;2143;2566;2699
1610;1627;1952;2057;2262
1626;1737;2626;2712;2763;2933
2855
2868
3097
2891
2921;2940
3127
2939
2981
2923
2924;3107
2941
3134
2953
3069
3043;3203
3044
3103
2979
3226
3237
3249
3248
3280
3238
3255
3262;3316
3275
3319
3244
3250;3254
3331
2716
2570
M3_0
1985;2190;2715
121;130;164;216;379;423;430;644;672;711;718;722;789;810;998;1231;2037;2750
32;277;281;643;706;803;871;1351;1380;2272;2617;2653;2962;2978
75;106;166;333;389;449;532;585;746;788
54;297;315
