0
1
8;12
83
184;199;460;507;566;704
9
108
27;33;156;276;330
2;4
7
15
223
121
3
13
148;439
192;251
16;102;125;229
20
379
5
23
26
181;382;487
572;713;739
52
71;381
6
18;61
30;316
34
99;111
373;554
166
392;608
35;55
326;528;765
551
618
719
1017;1208;1266
1419
732
891;1551
1062
1211
1267
1511
718
981
1161
1416
773
1320;1358
596
636
707
1020
1498
693;1178;1233;1336
694;721
777
876
852
1230;1469
637
817;933
647
681;708;815;927
746;894
756
794
798
1071
868
897
900;989
930;1121
1115;1273
619;1091;1479
658
779
945;1080
946
1081
1136
659
682
695;1002
722
828;884
782
911
881;1135
1090;1248
668;696
784;1051
832
710;1146;1253
723
975
1484
806
1313;1491
807;1008
833
1053
1310
1314
1630
1395
1397
914
1097;1404;1595
1256
1258
1307
1435
1492;1568
1539
1657
808
1637
1155
P_0
455;622
10;110;314;355;461
145;476
472;595;634
233;529;737
294
11
380
75;474
