0
1
8
29;255;779
100
183;456
335;461;1041;1332
2
24
91
5;9
25;287;464
412;739;1146;1380
13
55;356;1046
223;247;297;1271
12
18
26
42
167
126
160;378;1003
237
198;326;665;775
710;720;740;767;850
1006
1087;1280;1429
460;565;755;835;927
498
1109
499
937;1132
547
567
650;1254;1631
761
870;1338
997
1106
871
669
690
732;1603
759
788;1497;1523;1550
791;874;1459;1499;1552
817
908
1024
1034;1322;1600
1136
1292
841
1328;1488;1589
1485
973;1370;1749
1169
1326
1419;1776
1371;1557
1556
1582
1691;1717
1697
1202;1590
1266;1571;1595
1572
1742
1927;2088
1970;1990
1740
1743
2190
1744
1951
1761
1858
1908;2063
2015
2028
2052
2098
1861;2066;2138
2101
2140
2227
1540
1710
1837
1931
2170
1765;1914
1864
1913
1954;2036;2172
2037
1541
1655;1711
1712;1866;2114
1797;1896;2148
2174
1709;1836;1979
1955
2012
2073
P_0
535;1515;1574;1768;1868
699;1399
278;561;664;1472;2014;2082;2153
228;425
322;1675
M4_3
30;467;667;763;926
178
501
3
