0
1
4;48;58
6;46;151;402
8;18;343
14;33;332;693;822;1863
99;167;196
166;280
562;644
638
2
52;535;588;1140
211;1584
247
789
673
3;20;41
5;12;110;286;503;744;895
29;77
43;364;743;1107
49
102;511;709
860;949
60;444;466;507;574;1253
66;359;641;1305;1376;1464;1591
90;136
96;210
164;228;267;473;918
215
622;863
800
361
542;784;1163;1394
655
782;813;847;880;1054
1903
625
304
901;1000;1224
1001;1379;1556
1048
395
651;871
727
754
410;567
678;756
1153
453;837
539;598;1008;1230;1925
540
731
875;1390;1782
568;877;931
704;777;1051
836
1159
1905
2155;2330
2178
2412
1968
1997
2338
2143
2553
2426
1995
2267;2388
1996;2045
2371;2399;2450;2566
2044;2336;2499
2141;2157
2156
2299
2570
2212;2578
2240;2337
2365;2389;2557;2589
2369;2471
2421
2506
2533
2564
514
785
1022
1405
1527;1977
1692
1021
1125;2029
1201
1567
626
1025;1532;1615;1664
850
882
1249;1491
1289;1667;1701
1881
883;1453
976
1097
1170
1410
1452
1329
1205;1831
1788
1628
2071
2234
2363
2410
2174
2294;2325
1582
2090;2225
2354
2436
1805
1861
1912
2087
2281
2030;2058;2437
2067;2113;2188
2111
2128
2165
2192
2282
2318
2430
P_0
M1_0
69;764
M4_0
124;194;349;440;1069
M3_0
M1_1
