0
1;2
34
423;903;976
3;9
75;278
84;98
397;573;807;840
4;743;786
5;6
26
45;59
56
478
13;271;450;550
7
11;369
37;147
565;684
8
229;379
60;503
89;121
90;176;436;596
195;532;632
420;495;567
538
590
825
575
730;1115
916
607;622;644
646
663;852
672;755
686
687;884
723
771
789
821
850
890
1012;1248;1458
1037
1157
758
1347;1815
1777
803
1345;1613
1415
1612
1715;1811
1681
1830
1860
961;1053
1014;1175
1176
1217
1377;1498;1792
1379
1413
1530;1610;1645
1675
1770
1808
526
608;1482
666
677
1021;1227
1430
678
900
930;1024;1190
1025;1192
1434;1722
592
737
1089
1260
1304
858;1222;1351
1017
624
834;928
835
693;893
1084;1534
1297
839;975;1275
1146
1195
625;648
713
1584
1147
1148
1318;1621;1654
1369;1783
1514;1589
1545
714
1553;1627
779
1150
1151
1281;1664
1152
1371;1399;1786
1628
P_0
69;265
226;301;452
M3_1
175;279;564
10
