0;1
2
4;21
442;559
5
13
600;712
48
53;120;223;266;334
385
10
181
513
12
33;46;106
163;502;554
67;164;239;308;1192
140
220;272;380
721;759;1069
361
367;715
469;754;866
3
6
26;28;84;101
135;1228
7
11;454;490;1009;1146
14
15
37;154;226;245;278;563;583;613;665
55;95;114;510;934;1227
19
32;283;303;349;458
198;254;491;679;926
24
30;191
64;298;486
82;536
103
133;576
401
1006
545;743
546
594;748
784
593
725;993
704
728;887
849;1200
855;1002;1269
889
959
974
1347
989
1084
1119
1124
1520
1572
1219
1739
1168;1190
1339;1352
1452;1486;1602
1569
1289
1375
1376;1515;1540
1402;1514;1627
1421;1563
1218;1335;1531
1308
1655;1854
1689
1727
1247
1509;1674
1576
1577
1715
1273
1525;1575;1712
1526
1608
1710
1987;2035
1425
1640
1706;1830
2058
1508
1574;1642
1641
1795
1864
1866
1457
1752
1466
1311
1404
1580
1612
1649
2046
2109
1528
1615;1763
2048
1382
1467
1679;1765
1920
1617
1403
1527;1645
1579;1644
1755
1949
1647
1678
1840;1875
1907
157;247;547;1318;1354;1381;1424;1521
200;495;1191;1353
206;343;408;1103;1251
81;632;752
M3_1
115;321;346;370
86;337
54;153;356;423
139;394;815;1145;1270
M1_1
