0
1;2;3
10;18;57;128;244;413;818;1164;1510
13;2140;3196
15;23;325;2128;2816;3509;3565;3924;4833
4
5;7;16
145;424;957;1289;1383;2352;2773;3261;3576
223;380;2920
6
394;1598;2709
8;9
667
707;729
568;722;1012;1502;1548;1642;1697;3248;3761;4009;4063;4185
618;1490
11;31;115;250;375;584;644;2503;3033
14
30
79
546;709;2826
33;883;1262;3671;4389;4710
34;104
62;479;495;528;1448;2400;2500;3187;3411
75
381
76;188;228;761;1079;2552;3305;4598
81;150
93;109;191;323;802;4603
105;202;537
160;319;2306;4015;4555
162;692;913;1254;1908;3465;3574;3974
227;435;469;559;736;784;834;973;1796;2713
340;737
349
573;1589;2540
610;855;2344;2397
363;695;947;2925
372
454;715;1027;1350;3125;3712
563;2311;2716;3084;3420
1784;2399;4384
544
648
682
993;1039
1978
1230
1180;1754;2021;4367;4535;4692
628;727;900;3088;3370;5092
749
988;1178;2466;2939;3481;3944;4684
989;2416
826
898;1035;2683;2894;3107;3227;4198
991;1310;2172;2682;3686;4876
874;985;4850
1142;1360;2627
645
1277
2574;3331;3439;3734;4488
678
705
1604;4075;4312
1659
725;846;1030;1661;3684;4495
897;1276
921
1064;2318
1270
1410;2835;3426;3678;4486
1971
798;1184;1469;1815;3171;3233;3290;4625
728
1425;1763;2643;2907;3292
1426
1814;2236;3876
730
1367;2440;2533;3546;3870
2389;3013;4130;4466
751
799
2428;2602;3613
2538;2754;4862
4233;4586
775
929;998;1472;1987;2116
3796;4660
999;1075;1187;1999;2648
1042;1626;2284;4699;4931;4988
1044;2112;2966;3065
1107;2178
1233;2859;4468;5062
1882
2586;3911
2603;2965
905
2804;4089;4282
1901;4546
3602;3798;4174;4375
5065
5191
5209;5425
5274;5426
5125
5216
5226
5237
5430
5586
5521
5197
5210
5479
5204
5228;5261
5349
5386
5473;5520
4964
5041
5181
5218;5308;5329
5264;5368
5487
5205
5213
5280
5233;5380
5244
5339
5255
5278
5567
5281
5293;5568
5296
5356;5457;5569
5379;5451
5417
2121;2243
2490;4106;4197
447
305;398;460
78;143;426
M1_1
