0
1
6;193;520;714;960;992;1097;1527;3832;3994
8
106;131;259;708;1628
243;579;640
11;46;155;3028;3145;4208
47;120;307;900;1187;1559;3891;4327
66;209
306
586;628;743;2709;3727
519;790
418;651;823;932;1217;1299;2798;3952;4524;4904;5067
473;584
642;1135;1277;1783;2585;3673;3833;3995;4051;4550;4900
706;952;1438;1563;1590;1742;2216;4695
2
14;251;674;1088;1300;2473;2680;3194
15
17;21;280;355;793;1085;2192;2304;2556;3031;3148;3189;3675
55;324;412;502;592;2184;2446;3190;3944
38;1403
62;1062;1244;1789
65;118;152;1066;2593;3329;3729;4482;4601;4698
72
181;408;1101;1118;2565
19;109;320;615;814;1290;1834;1901
125;1052;1100;1748;3269
12
27
197;287;777;1059;1325;2307;2684;2834
16;395;1561;3119
23;261;1061;1243;2140;2222;3288;3955
145;162;315;367;833;999;1203
670;927;1148;1352;2651
1130;2189;4811
828
1692
1735;1814;2171;2869;3360;3757;4950
2626;3023
829;872
990;1048
1110
1225;1362;1547;4069
1479;3392;4432;4790;4943;5111
894
959
1175;1839
2236;2731;2772;3577;3659;4126;4344
1962;4222;4738
2201;2457;2577
2581
1067;1310;2426;2491;3702
1093;1331
1155;1680;1958;2812;3088;3622;4179;4349
1228
1230;2329;2508;3022;3492
1305;1799
1311
1482;2859;3959;4919
1483;1575
1488;2781;3387;4274;4824;4992
1490;2399
2763;3160;4172;5112;5221
3099
2705
3185;4444
3230;3265
3318
3367
3826
3830;4249;4296
3940
4364;4803
2951
3545
3071;4623
4440;4682;4745
2584
2629;2826;2872
3714
3986;4686
4037;4464
4717
3507
3666
4514
2950;3228;3540
3101
4726
3764;3925
3976;4087;4138
4859
3504;3810
4865
5162
4961
5091;5193;5476
5210;5244
5318
5063
5109
5167;5243
5134
5190;5312
5203
5249;5341
5257
5284
5379
5040
5215
5420
5538
5599
5041;5079
5151
5093
5214;5391
5326
5484
5094
5110
5171
5261
5196;5331
5185;5431;5524
5197
5337
5233;5461
5335
5519;5544
4236
3803
P_0
608;763;2190
39;54;74;654;853;1235;1703;1828;2378
1131;1216;1326;1507;1701;1786;2553
4
