0
1
19;36
2;45;52;78;145;149;155;262;265;290
298
311;337
312
329;352
368
4;5;38;48;109;138;163;250;272;286;303;374;413;435
457
468;602
604
635
862
6;227;230
438;440;442
447
557;742
481
445
470
451;453
463
590
483
484
489
606;964
508
515
541
574
743;833;868
1045
439
465;512
593
544;750
452;708;747
464;475
467;499
1004
1079
477
760
854
912;933
488
549;666;791
550
659
931
793
855
882
487
526;545;566
655
567
784
626;804;969
654
656;906
1033
692;786
714;954
824;981;998;1107;1182
891
1019;1129
1156
892;1041;1207
919
1159
980
984;1060
1050
1051
1122
1189
1237;1247;1269
1241
1261;1339
1338;1362
1246
1381
1259
1266
1267
1318
1238;1244
1374
1243
1271
1285
1274
1370
1405
P_0
423
415;429;449;500;943
318;402;432
425;430;431;434;446
404;436;441
408;411;433
361;424
M1_2
