0
1;4;5
152;202
213
338
502
707
400
507;688;765
631
687
733
397;444;543
747
2
26
36
40
3;25;73
7;24
13;38
9;27
136;159;727;843
51
767
797
854;865;979;1087
1010;1262
1301
844
1054
853;1008;1117
815
855
1038
876
993
1258
1081
891
942
949;964;1015;1269
1155;1191
902
965;1016
1061
1095
1460
138
144
155
182;663;690
433
166
519;644
388
451
148;180;342
165
318
172;584
145
151
221;379;779
671
173;183
177;193
194
198;383
232;760;870;925
257;309
714
875
929
990
1252
1137
1174
1545
897
1368;1475
947
973;1481
1047;1406
1139
1169;1207
1170;1282
837
874;880;896;920
956
852
907;946
1541
1005
1276
1277
1542
1007;1048
1213;1449;1553
1410
1108
1216
1255;1482
1632
1256;1346
1415
1451
1452
1500
1518
1577
M3_0
176
M4_0
115;132;153
8
