0
1
11
250;325;649
815;861
15;112;198;260;304;382;1203;1437
16;341;566;1338
2
19
70;203;229
204;293;918
217;238;420;686;847;1475
3;4;90;1059;1127;1252;1504
5;81;366;511;674;1317;1357;1631
6;44;437;1474
754
839
997;1069;1249
1304
1851
2016
2114
2048;2073
2045;2169
2066
2124;2146
8;26
18;31;209;389;688;990;1079;1381
42;120
228;583;857;916;1308;1328;1348;1377;1577;1625
496;568
43
122;201;252;679;1277;1326;1468
367;698;1057
66;548;611;632;1004;1022
151;399;456;1283;1441;1683;1708
173;195;284;536;576;952;1111;1270
386;813;1078
712
725;753
819;996
957
1341
1340;1352
1367
1386
1411;1477
1413
1568
1671;1693
1201;1213
867;1029
910;1049
1259
1067
853
976;1087
866
925;1144;1198
1014
1302
1450
1623
1649;1976
1659;1675
1660
1688
1712;1736;2027
1723
2103
1873;1890
1676;1706
1800
1845
1889
1575
1633
1696;1754
1755
1927;2019
1600
1722
1868
1634
1697
1742
1865
2059;2070
2060
2096
2105
2106;2194;2422
2132;2192
2215
1981
2033
2227
2085
2203
2162
2061
2086
2178
2109;2158
2110
2137
2228
2120
2310
1995
2087;2111
2389;2429
2234
2044;2065
2102
2167
2144
2166;2182;2362
2212
2398
2458
1684
M3_0
1353;1922;1943
1656
131;1358;1371;1410;1637;1921;2116
142;773;1281;1318
7
