0
1
5
17
22;273;387;680;717;806;1188;1863
129;264;274;454;785;889;1627
442;1287
1381;1409;1734
4303
4392;5064
4426
4921
4708
4326;4516
4427;4709
4576
4707;4841;4963
4
78;363;597;1112
589;658;731;870;974;1044;1429;1687;1755
6;50
18;189;349
36;1321;1631;2171;3432
96;176;533;542;987;1057;1612
155;705;823;1454;1754;1825;2793;2988;3164
596
728
1050;1383;1908
682
851;975;1046;1083
714
1847;1869
930
976
1848
2273
2358;2506
2060
2177
2681
1502
1622
1699;1851
1651;2002
1670
1698
1803
1965;2275;3291
2225;2365;3532;3673;3864;4203
1938
1715
1716;2465;2518
1736
1804
1600
1635;1700;2904
1671
1680;1738;2695;3572;3955
1701;1767
2372;3324;3445;4102
1719
2046;2131;2907;4328
2198
1739;2103
1833;2128;3129
1835;1946;2708;2905;2997
1912
1913;2159
2039;2186
2127
2521;2903;3084;3624;3952;4166
3038;3991;4028
3325;3582;4248;4580
1740
2075;2204;4034
2608;3599
2732
3274
3747;4183
1768
1812
2132;2201;2434
1891
1919;2200
2537
2716;3404
2047
3228;3296;3680
3402;4031
1813;1859;2549
1837
2048;2074
2718;2876
2247
2335;2478
2542
1920
1948;2297;4138
1980;2015;3596
2109
2136;2338;2661
2384;3152;3303
2830;4106
3923
4141;4214
2344
3458
3500;3797
3552
3929
2442
2888;3421;4022
2983;3241
3511
3023
3072;3387;3423;3725
3203
3112;3614
3201;3346
3344;3657;3853
2735
3156
3385;4039;4187
3466;3611
3510
2842;3463
2843
3465
4079
3413
3802;4054
4309
4087
4713
5532
4199;4370;4439;4722
4230;4477
4646
4263;4883;4924
4264
4265
4292
5354
4845
4926
4402
4645
4931
5607
4438
4585
5127;5542
4847
4523
4643
4779
5007
5076
5077
5263;5534;5603
3814
4088
4943
5028
5139
5483
4481
4526;5298
4649
4650;5090
4723
4939
4795;5293
4889
5027
4945
5020;5201
5146
3857
5040
3949
5219
4232;4653;5237
4267
4732;5321
4858;5161;5319
4293
4406
5093
5582
4371;4860
4442
4589
4796;4854
5398
4896;5307;5406
4898
5096
5412;5497;5581
5413
3984
4123
3662;3774
4161
4235
4544;4671
4270
4090
4091
4234
4535
4268
4269
4294
4374;4740
4490;4530;4660
4491
4532
4601
4603;4669;4742
4124
4352
4125
4561
4126
4239
4163
4200
4301
4272;4321
4273;4380;4459
4302
4358
4377;4552
4419
4559
4700
4390;4575;4705
5244
4638
4835;5249
4874
4914
4958;5251
4959
5062
5441
5449
5451
5456
4360;4389
4771
5329
5333
4574
2901;3728;4275
1937
3951
2569;3566
2803;2990;3433;3474
M8_1
634;1618;1731;2145
698;1135;1609;1712;1781;2032
1203
M2_0
19;122;395;765;911;1195;1786;2021;3204
340;403;559;584;745;761;1043;1921;2933;3389;3424;3858
2;142;168;212
