0
1;4
59;535;863;1072;1305;1458;1611;1778;1982;2058;2167;2366;2464;3633
122;1833;2107
2;22
106;164;223;406;616;927
3
17
46;271;444;598;649;814;891;1380;1532;2378;2567;2700;3768;4825
1773
2319;2333
3358;3605;3904
5579
5721
5773
67;115;579;1619;1727;1814;2105;2237;2376;2409;2470;2952
5;63;72;794;1210;1429;1849;2401;2417;2434;2537;3119;3459;3819;4120;4664;4784
6;8
9;26;48;324;951;1003;1172;1213;1360
10;77;163;252;433;503;793;1036;1112;1415;1509;1816
15;18
19
65;612;647;844;1067;1087;1420;2231;2516
129;244;541
312;325;596;808;1013;1230;1548;1813;2104;2439;2687
45;131;298;475;637;691;827;1250;1345;1891;2189;3628
62;155;413;526;1068;1255;1276;1544;1964;2094;3244
75;95;142;338;472;1258;1368;1382;1478;1546;1560;2209;2279
149;232;293;316
757;859;958;990;1151;1381;1492;1794;2087;2211;2223;2367;2380;2479;2686
804;1135;1592;1623;1658;2171;2482;3634;3791;3943
395;459;1621;2426;2457;2733;2837;3012
3695;4061;4487
539;1557;2133;2172;2294;2633;3627;3694
802;845;919;1543;2212;2477;2626;2885;3175;3542;3742
1690
2129
1847
2072;2163
2461
2741
2496
2570
2636
2667
2781
2864
4163
4498
4231
4232;4347
4233
4492
4611
1824
5303
5304
5400
5702
2396;2813
2451;2557;2599
2514
2536;2576
3057
2558
2714
3641;3708
2648
2963;3180
2905
2515
2941;3266
2650
2651
2652;2878;2966
2682;3031;3096
2683
2790;2881;3375;3445
3098;3339
2756;2990;3439;3965;4986
2757;2965;3301
3094;3127;3191;3372
3156
3368
3652;3687
3910
4025;4506
4027
4240;4942
2717;2916;3310;3775;4137;4761
2758
2915
3102;3132;3272
3129;3230;3727;3874
3232;3348
3345;3657
3946
3314
3732;4007;4191
3817
4685;4769
3502
4042
4312
3503
3816
4371;4683;4725
4580
3504;3536
3853;4113
3887
4480
3734;3854
3787;4682;5037;5454
4216;4364
4217;4715
4325;5411
4469;4640
4639
5358
3855
4594
5017
5058
4155
4533;4692
4876
4875
4328
4592
5635
4483
4534;4959
4742
5262;5540;5562
4777;5054;5212
4817
5157;5203;5420
5273
5600
5778
5880
5638;5676
5935
5730
5731
5931
5932
5776
5876
5917
5919
5981
6054
6244
4329
4696
4822
4823
4932
4536;4746
4654;4820
4745
5165
4821
5120
4977
5342
5076
5516
5569
5642
5126
5242;5299;5351
5352
5442
5077
5578
5614
5652
5353
5574
5609
5396
5572
5573
5681
5748
5770;6169
5802
5803
5881
5937
5947
5996;6062
6332
5655
5694
5807
5896
5897
6106
5749;6191
5771;5950
5784;5804
5785
5806;6186
5832;5951
5835
5867
5898;6022
6023
6184
5750
6034
6292
5656
5840
5969
5657
6219;6303
5788
5843
5844;6239
5873
5913;6320
5978
6232
6238;6326
3563
4788
4938;5131
5029;5082;5354
4703;5399
2034;2777;2928;3903;4161;4291;4546;4786;4982;5693;5719
4200
5030
4667;4789
4123
2596;3151;3549;4095;4787
M2_0
M7_0
1978;2128;2162;2432
51;104;148;237;290;614;812;928;1179;1295;1538;2065;2157;2895;3007
897;912;1280;1318;1426;1854
182;242;465;894;1261;1579;1719;1867;2146;2154;2194
25;27;68;172;443;492;1119;1600
