0
1
3;6
13;20;784;888;1256;2851;5454;6741
138;797;870;1123;3245;3286
336;404;1046;1135;2212;2561;5287;8658
609;707;1178;1591;1801;3856
1048;1084;2420;2495;3088;3417;5024;6743;8295
2
9
87;600;756;1224;1364;2411;3649;4233;5611;5883;7912;9579
264;891;1259;2372;2720;3210;3973;4958;6406;8387;8959;9872
7
88;204;300;669;2412;3198;4129;8563;8660
36;177;392;597;837;942;3342;3494;4726
39;322;421;912;2046;2807;3048;3481;4349;4896;5939;7806;8566
46;202;4074
58;107;380;566;645;1146;1352;1649;2902;4399;5818
133;562;666;1031;1355;1419;1874;2213;4849;4964;6833
142;615;1603;3542;4127;4238;5011;6415;6666
227;1088;1528;1660
328;450;482;718;948;989;1095;1323;2325;2927;3701
700
717
863;1003;1165
938;1021;1110;1337;1634;2260;3498;3980;4686;6421;7365
7722;8110;9165
8488
8669;8876;9342
8875
9156;9875
9978
10097;10190
10058
10121
10427
10350
10426
9159
9437
9518
846
9256
10317
10386
10715
9643
10122;10245
10535
10272
10567;10656
10059
10538
10703
10123;10434
10840
10841
10273;10310;10353;10658;10881
10355;10663
10356;10573
10435
10484;10799
10711
10848
900
1142;1342;1705;2225;2568;2770;3234
1241;2947;3421;4690;5080;6092;7545
1382;1411
1533
2466;2569;4636
3183;3620;4052;4593;5095;6226
3462;3682;3734;3890;4733
919
2070;3226;4316;5311
2267;2995
920
1386;1646;1791;1928;2276;2702;3351;3930;7105;10100
1025
1339
1375;2337;2609;3070;3269;3886
1491;1773;1954;2378;2608;2652;3460;3985
1607;2222;6426;6919;8973
2697;3778;4471;4922;4976;5579;9445;9714
2838;4433;4730;5079
3672;4308;5198;5460;5629;6929;8318;8412
1057;1118;1244;2835
1093
1193;1268;1613;2505;3678;4267;4317;4583;4626;6160;6618;6836;7916;9598
1270;1576;1786;1831;1925;1997;2761;3597;5089
1575;2576;2701;2868;3729;5470
1271;1290;1790;2474;5249;5970
1309;2610;2799;3781;6106;7373;8410
1388;2321;2866;4687
1445;1743;2081;2960;6029
1891;2381;3507;3889;5305;6495;7540
2316;3888;4585;7203
3469;4057;5584
9826
10393
10636
9929
10020;10389;10496;10674
10021;10445;10735
10101
10248;10774
10193
10815
10275
10672
10810;10860
10497;10870;10897
10772
10785;10919
10812
3403;4743;5731;6233;8886
3626;6935
3743;4112;5689;6447;7645;9078;10103;10155
4641;8131;8329
2844
3279;4068
3525;3845;3906;4602;6382;7848;9602
3111
3278;3317;3947;4992
4701;4819;7849;8601;8988
4938;6377;6776;7302;9830
3148;3688;3840
3277;5254;5601;7479;8035;8693;9181
3318
3473;5859;7845
3520
4994
6247
3948;4494;5321;5429;6699;7939;9935
4012
4280;4447
4554
4829;5223;5692;6572;6862;6942;7019;7383;9651
5924
6317
6647
7393
7312;7855
7313;7752
6578
6872;7572;7947
7662
6000
6457
6051;6249;6871;8233
6250
6874;7488
6875;7863
9381
7136
6318
8904
6705
7027
7571;8895
5268
5327;8626
5811;6261;6726;7677
5930
6398
6811;7149
8357
7502
6812;7411;7880
6891;8071
6957
5387
5555
8156
8157;9308
5755
5388;5609;9894
4951;5384
5810
6122;6580
6458;6648;7138;7582;8440
6581;6709;7029
9300
4952
5115
5926;6006;6259
6005
6059
6330
5442;5497
6722;9199
5385;5441;6055
5606
6253;9104;9781
8059
9205;9553;9620
9310
9950;10237
10563
9731
9844;10041;10134
9948;10135;10472
10005;10078;10113
10178
10207
10209
10264;10344
10343
10737
8920
9018
9390
9619;10408
10557
9668
10074;10453
10172;10371
10287
9842;10508
10167
10411;10519
5757
6818
6896;7158
7258;9487;10010
6131;6336;7266
6402;7887
6403
7157;7605;8365
7425
9672
6548;7057;7420;7889;8074
6598;7431;8639;9029;10079
8264
8468;9951
8827
8830
6337
7615
8471
8849;9128
7901
7902;8752
8846
8848;9218
6661
7270
7998;8653;8860
7999;8952;9044
6898
8473
6899
7159;7347
8096;8754;9321;9414
8281
7439
7517;7616;9133
7518;8651
8181;8859
8652
8856;8947;9569
9227
9802;10013;10117
6266;6549;6660;9120;9486;9845;10181
1637
1350
1955
1793;2348
619;698;2136;2335;2526;2723;2789;3499;4140;4257;4468;5958;7455;7721;8307
620;1888;3064;3213;3345;7456;8825
1139;1166;1635;1819;2025;2724;2862;4360;5569;6556;6834
776;953;1436;1489;1813;2024;2566;3257;3297;4094;5130
1857;2181;3023;3668;3721;5172
1336;1700;2207;3495;4021;5945;7068;7348;7441;8292
146;446;559;712;881;1854;3011;3535;4892;5443;6603;8481;8564;8679
15;145;186;238;428;865;984;1335;2458;2632;3975;5390;6707;7137
91;418;555;727;905;2129;2858;3060;4795;4909;6132
409;479;622
401
