0
1
4;10
1316
1420;1671;1887;2002;2023;2054;2879
3167
1908;2254;2382;3050;4373;4986
5
119;394;419;528;662;744;836;1731
445;1425;1559;3374;3413;5634;6003
2
444;515;952;972;1306;1434;1619;2337;2667;3252
612;639;752;785;974;1558;2118;4874
6
433;556;844;977;1292;1564;3078;5320
843;1536;2734;4565
914;1484;1652;2234;2994;3035
8
45;142;357;389;417;1000;1095;1616;1723;2145;2968;3406
212;495;531;880;1743;1882
1339;2996;5160;5700
11
33;65;294;434;601;691;764;1482;2303;2441;3012;3832;4629
458;757;995;1029;1046;1219;1256;1389;1788;1823;2336;3404;3500;4226
13;1508;1859;2407;3240;4127;4511
14
31;53;92;158;547;2822;4090
38;151;319;398;606;665;1392;1489;2156;3674;4462
18;23
36;110;765;966;2581;3463
60;78;130;250;376;677;793;811;1157;1387;1514;1615;1722
261;586;824;939;953
555;710;842;854;1155
5577
6133;6598
6134
7011
5643
6373
5885
6139
6372;6615
6614
6813
6814
6008
6136
6190
6251;6302
6304;6544
6305
6306
6487;6673
6948
3259
3466
3469;3516
3761
3514
3597
5325;5644
5459;5709
6079;6497
1610
1755;1852;2216;2555;2878;3414;4282;5886
6201;6684
6313
6501
6558
6821
6314
1796;2101;2803;2920;3379;3520;3762
1797;2103;2518;2635;2673;2981;3054
1835
1775;1800;1814;2065;2751;3224;3433;4153;4294;4532;4653;5223
1815
2357
2468;3032;4109;4535
2536;2612;2653;3182;3393;3579;3616;4065;5336;6089;7141
1855;1889
1968;2713;3179
2712;4295
1888;2466;3486;4151;4245;4948;5083
2465;2813;3312
2531
1694
1854;2452;2560;6015
1909
2003;3603;3647;4234;4697;6145
2027;2158;2455
2059;2947;4197;4288;4379;4700;4941
2060;2290;3475;4052;4380
2157;3477;3965;4199
2255
3800;4144;4195;5517;5841
1946;3139;4101
4723;5015;5601;6217
2993
3443
3946
3947
4026;4215
3623;3698
3739
4123;4174
3816;4499;4861;5484
4074
5356;5668;6405
4170;5184;5341
4218;4503;4676
4265
5141;5191
3442
3856;3981
3582;4552
3665
5189;6397
5346
3777;4066
4440
5003;5143;6572
3811;3858
3812;4599;4663;5417
3814;4549;4760;5970
3855;4206
6772
6836
6907
7448;7656
7580
6964
7242;7331
7538
7204
7143
7171;7529
7402;7484
6835
7142
7168;7222;7323
7026
7169
7357
7325
7437
7116
7203
7518
7170
7223;7239;7401
7358
7443
7482
7517
7524
4561
4778
5102
4969;5291
4970
4972
5016;5243
5017
5057;5099
5104
5150
5198
5200
6103
5244;5306;5684;6032
5299
5302
5304
5494;5615
5547
5687
5059
5308
5373
6112
5372
5440;5870
5504;6034
5560
5622
5690
5871;5923
5917;6520
5918
5932
5988;6036
6114
6163
5505
5823;6122
6784
6981
5940
6058
6121;6181
6236;6975
6347;6584
6420
6467
6527
6529
6854
6418;6775
6419;6465
6522
6123
6183;6717
6238
6291
6707
6292
6863;7156
6293;7056
6470
6923
6936
7100
6472
7198
7309;7415
6802
7214
7231
7067
7227
7490
7370
7068;7162;7275;7311;7348
7312
6803
6940;7350
7591
7010;7069
7164
7315
7499
7588
7009
7420
7165;7429
7186
7187;7201
7253
7555
7221
7419
7458
7469;7642
7606
5298
4888;5773
3518;4008;4422;5457;6440;6617
3202;3793;5324;5774;6195
4005;5458;5708
3415;3682;3760;5515
M6_0
4006;4694;5168
3201;3335;4049;4578
3419;3470;3958;4093;4734;5245
4092
1716;1943;2053;2253;3200
25;222;523;1140;1230;1311;1579;1772;1849
26;44;595;1057;1302
87;155;187;220;1215
29;856;1566;1604
339;391
