0
1
48;180;484
80;84;456;954;989;1343;2292;2410
2626;2676
2858;2937;3005
2675
2936;3067
3146;3805
3227;3700
3576
2
32
4
8
54;89;95;211;237;266;533;1109;1342;1473;3894
4123;4341;4582
4270
4302
4303
4638
449;1448;1968
2143
2365
73
98
102
162
119
133;157;306;539;630;960;2008
2179
2345;2576
2941
2942
3245
2627;2679
2741
3325
3327
3585
2742;3434
3432
2239
3579
82;85;93
118
129
131
92
105;128;184;194
104;407
112
198;282;1048;1304;2185
217
258
295;722;831;1436;1593;1956;2246
309;773;1125;1811;2022;2072;2949;3864;4522;4610
271
231;932;1267;2128
245;3087;4353;4795
259
611;647
843;1601;2870;3523;4242
307
339
438;548;605
639;894;1537;2346;4238
358;580;1025;1485;2024
362;617;784;848;3340;3658;4237
415;863;928
443;775;1543;1958;3334;3441
493;577;1019
498;557;1060;1315;1640;1966;2415;3249;4391;4421
612;1314;2198;2580;4203
751;846
778;1000;1764;1851;2475;3652;4035;4525;4793
2412
178
261
284;343;364
401;500
262;384;809;981;2481
274;562
199
247
426
1008
329;625;1502
365
200
349;875
1135;1554;2590;2885
328
623
851;874
2538
2486
2537
2647
2702;2889;3603
3032;3458
3102
3460
3728
2202
2366
2891
3183
3030
3181
567
732
911;1180;1512;2439;3284
952;2552
2090
854
1066
1456;1508;1922;2309;3281;3921;4011
876;2033;3880
877
1037
1137;1178;1280;1420;1460;1823;2036;2906
1038;1179;2842
1176
1557;2648;4464
678
814
909;1009;1209
1417
2367
815
913;953;1071;1253;1330
1251;1880;2556;3680;4146
816;1523;1884
880
1108;1621
912
1982
2835;3048;3204
988
1286;1328;1699;1791;2776;3554;3847;4096
1292;2781;2899
1704;1990;2165;3835
1150;1579
1187
1381
3939;3986;4068
1705
1836;1892;2454;3136;3219
1578;1624;2167;2844
1623
1796;3693;4109
1834;1940;2450
1835;2329;2452
1939;1991
2057;2455
2101;2327
1340;1471;3053;4513
1383;3621
1384
1472;2006
1580;2063;2852
1581;2121
1582;4624;4674
1626
1840;4443;4476
1707
2062;2110
1753;2793
1893;1944;2102;3297;3397
2225;2672;3632
2854;3398
3299
3311;3410;4435
3755
4122
4515
4542
4601
4964
4199
4269;4416
4902
5101
4301
4683
4446
4749;4780;5097
4816
4543;4936
4414;4514
5291
4415
5046
4541
4574;4631;4989
4707;4921;5034
4812
4882
5084
5231
5238
4481
4718
4819;5248
4859
4905
5378
5597
4904
4906;5107;5254
5017
5105;5302
5251
5303;5818
5380;5450
5890
4604
4903
5102
4751;4858
5737
5738
4577
6177
4686
5150
5683;5837;5972
5256
5763
4752;4786
4907;5760
4971;5978
5196
5459
5612
5680;5833
5838
5983
6122
6123
6169
4635
4972
5318
4687
4753
5155;5322
4821
5479
4861
4913
4941
4942;5414;5485
4973
5019
5069;5532
5115
5320
5328
5402
5471
5487
5528
4688
4788;4944;5121
5282
5429
5858
4754
5346
5425
4862
5163
4863
5344
4943
5120;5566
5166
5275;5619
5339
5347;5634
5420
5491
5493
5497
5707
4789
5170
5431
6016
6143
5221;5286
5285
5353;5722
5721;5796
5793;6006
5794
6012
5168
5788;6077
5919
4977
5287
5653
5434
5651
5652
5944
5945;6036
5074
5649
5225
5354;5799
6091
5650
5801;5871;6019
5802
5870
6093
6094
1799;3407
1010;1065
4360;4400;4526;5109;5605
4279
2484
705;3572
3070;3423;3508;3580;4583
4200
3314;4339
7;13;55;108;121;485
45;143;1382;2058;2456;2510
52;90;142;203;236;330;483;817;916
51;69;88;111;116;158
M3_0
71
14
