0
1
11
144;478;781;829;984;1354
250;325;649
815;861
15;112;198;260;304;382;1203;1437
16;341;566;1338
2
19
63
102;133;439;605;736;962;1167
3;4;620
5;81;366;511;674;1317;1357;1631
6;44;437;1474
754
839
997;1069;1249
1304
1851
2016
2048;2073
2187
2045;2169
2066
2124;2146
8;26
18;31;209;389;688;990;1079;1381
23;52;99;412;716
35;49;98;189
66;548;611;632;1004;1022
151;399;456;1283;1441;1683;1708
173;195;284;536;576;952;1111;1270
712
907;942
1063
1341
1424
1533
1340;1352
1353
1447
1367
1368
1387;1458;1507
1413
1432
1461
1436
1467
1492
1545
868;880
977
1027;1048;1365
853
926;1013;1066
944
1311;1644
1450
1650;1704;2082
1660;1688
1763;1794
1575
1633;1755
1600
2039
1634;1826
1647;1830
1648;1685;1698
1697
1898;2021
2075
1701
1760
1789
1999
1811;1835;1974
1831
1953;2038
1922;1943
2059;2070;2293
2132
2192
2133
2215
2295
1981
2033
2085
2307
2061
2062;2306
2086
2110;2137
2157
2200
2116
1995
2064
2319
2087;2111;2139;2208
2234
2044;2065
2168
2185
2213
2372
2165
2210
2237
2239;2283
2240;2284
2280;2394
2281
2289;2327
2361
1684
M3_0
1656
131;1358;1371;1410;1637;1921
142;773;1281;1318
7
