0
1;5
32;66;265;301
67;213;250;525;729;1048
2
3
13
133;588;714;967;1179;1570
345;414;495
6
235;634;867;978;1159;1226
528
44;156;566;951;1115;1175
94;371;438
4
11;37
938
1073;1153
1815
1860
1957
523;556;1030;1058;1465
1154
937;1609
1623;1644
1624
1645
1655;1765
1740
1779
1676
1690;1735;1800
1700
1240;1253
1302
1387
1420;1438;1508
1241
1254
1285
1303
1439
1332
1390
1426
1346
1443;1476
1357
1407
1441;1459
1283
1683
1691
1904
1840;1880
1768
1785
1793;1802
1684
1692
1927
1731
1732;1835
1771
1919
1751
1752;1786
1769
1803;1808
1828
1910;1945
1741;1755
1836;1844
1837
2139;2178
2352
1874
2038
2061
2177
2035
2036
2137
1873
1975
2033
2000
2105;2258
2345
2057
2209
1895
2104
2080
2207
1797
1812
1875
1929
2286
1977
2068
2124
2194
1876
2097
2045;2205
1822
1858;1896
1955
2067
2193
1992
2014
2147
1993
2041
2317
1928
2012
1976
2117
2065
2066;2089
2086;2314
1651
1389;1406;1424;1610
M3_0
1388
M2_1
680;856;1053
185;787;825;836
