0;1
2
8
3
6;106
38
4;5
104;280;299;358;548;559;583
654;770
700
729
813
132
12;80;117;120;149
14
144
163
328
400
607;644;722
643
800
595
608
631;760
693
151;153;165
154
172
391
396
401;421;432
407;434;456
419;533
427
460
505
177
195;254
268
169
222
262
346
271
382
587
622
676
588
624
906
590
681
781
596
599
637;738;950
658
682
705
746
785
853
686
1379
687;953;969;1044
827
1143
867
919;1002
1046
1068;1256
1096
1141
1196
1217
1219
1221;1273
1272
1336
1346
793
794
796;871;957
1033
626
627
665;877;963
1136
721
752
798
923;1036
874;993
876
924
978;1138
974
1016
799;997;1191
461;584
260;492;580
544;568
450
557
46;97;107;128;152;298;510;566;576;578
54;100;116;133;141;143;146;147;167;294;442;565;579
25;53;81;129;145
66;112;121
