0
1
8;16;80
26
2
39;233;244
45;52;78;145;149;155;262;265;290
298
311;314
338
318
312
319
329;352
360
368
4;5;38;48;109;138;163;250;272;286;303;374;413;435
457
458
514
468
602
528
529
635
637
6;227;230
438;440
442
447;537
462
800;986;1008;1146
461
444
448
768
491
445;470;769
463
473
589
483;744
484
495;523;967
541
560
574
618
439;465
625
544
476
524
477
914
488
550
548
761
855
938;960
1016;1025
466
487
526
567;784
626;1000
627;691;902;972
908;925
824
981;998;1107
891
919
980
1085
1050
1070;1109;1224
1072
1115
1234
1237;1247
1262
1241
1256
1261;1268;1282
1361
1246
1310
1381
1259;1333
1288
1328
1383
1399
1238
1244;1287
1242
1251;1272;1393
1257
1270
1350
1354
1370
P_0
423
415;429;449;500;943
402;432
425;430;431;434;446
404;436;441
408;411;433
361;424
M1_2
