0
3;64
7;26
112;200;203;217;250;265;284
328
341
355
479
497
498
552;584
583
678
708
403
431;818
432
366;387
548
414
468
429;814
430
452;520
575
706
16
25
44;275;517
61;77
2
8;40
10;79
11;17
31
90;131;195;241
1263
1347
1460;1586
1346
1363;1454
1455
236
262
269
248
331;349
337;369;376
252;273
263;281;312
300;454;624;653;1273
1432
1543
1462
388
313
564
325
409;983
1052
333
445;1197
512;634
373;440;457
395
834
410;442;718;966
418;934
439
456
555;909;1256
557;865;939
627;1009
656;863;913
658
689
786
1010
1252
1269;1392
1221
1300
1335;1435
1355
1436
1468
1272;1356
1289
1476
1382
1482
1525
666
334
411;700;951;1112
449
339
515
466
1337
1654
1688
1713
1760
1383
1603
1640;1696
1641
1677
1737
1746;1765
1881
1534
1724
1580;1842
1604;1645;1666;1818;1839
1644
1705;1849
1843
302;393;654;1115
P_0
739;1114;1255;1290;1506
611;929;1262;1413
1051;1401
434
M1_1
348;771;1067
109;141;193
73;144;234;249
74;183;224
1
