0
1
17;31;32;46;58
111;419;782;822
125
474;536
783
784
29;35;40
45
87;569
141;165;345
453
627
73;95
367;404;436
632;662
633
740;953
5;11
16
22;43;105
368
42
44
193
213;487
49
110
207;386;417
47;83
57;63;97;238
66;160
78;86;133
79;136;222
220
270;465
274
313
617;700
65;75;201
81
85;89;103;252
117;290;354;446
216;283;304;879
455
265;280
344
343;488;651
729
589
888
889
812
915
938;975
1066
1086
625
680
681
853
961;978
736
765
626
657
738
766
836;894
895
949
793
900
1069
901
1117;1167
952;966
967
1071;1136
1222
986
1054;1133
1055
951;1002
988
1028
1021;1060
1035
1103
1040
1073
1078
1124
1096;1307
1125
1249
1126
1214
1216
1241
1247
1259
1270
1282
1301
M4_0
739
M3_0
10;25;30;36;489;840
88
124
19;26;39;41;48;53
15;18;20;24;27;28;37
21;23;33;34;38
