0
1
16;61;211;400;414;423;643;727
17
18;46
19;112;216;537
22;28;153;198;291;347
429;511;699
582;780;790;808;843
33
53;336;487
103;161
141;374;428;459;519;557;586;618;711;728;816;848
288;440;534
298;317;772;850;963;1082
1261;1379
1397;1583
1433;1476
1507
1513
1552;1599;1622
1577
445;497;620
2
39;94;146;182;496;644;779;826;840
40;244;577;639;647;737;847
742;867
877
895;1070;1106
941
989
1026
1446
1083
1102
1150
546;564;637;658
563
585
593
918
1008;1024
906
965
978
981
984
1022
878
897;922;962
1081;1123;1285
1648
880
911;929;1064
956;1009;1340
957;991;1088
1030
1059
1061
1062;1131
1071;1209
1180
1382
890
908
1016
1035
1137
959;1068
1277
896
1033;1074;1327
958
1249
1365
999
1002;1369;1428
1142
1260
1413;1458
1377
1412
1469;1561
1414;1503;1687;1735
1470
1471
1567;1882
1653
1726
1287
1637
1742
1459
1542
1617
1719
1801
1543
1544
1644
1722;1835
1766;1799
1717;1796;1939
1837
993;1520
920;1461;1618;1670
917
634;696;722;874;885
357;359;365
8;20;101;131;196;547;892
116;201;236;478
