0
1
3;50;53;73;75;82;88;92;132;162
191
343
212
510
556
292
398;1078
1170
4
8
14;81;904
966
984
1028
1030
1064
2;5;12;18;33;41;68;87;361
614
741
635
655
668
776
801
1015
1399
1032
1106
1269
1157;1329
1158
1181;1240
1213
1246
1301
981
1004
1351
1152
89;90;93
98;101
315
368
114;170
120
364;390
389;795
91
99
964;983;1092
94;134;186;222;257
95
103
109
123
196
129;473;545;696;842;1044;1056
219
277
346
347;852
561
96;369;632
97
306;352;363
128
215
1093;1115
1222
1252
1424
1441
1094;1224;1450
1197
1253;1525
1285
1447
1286
1341;1575
1409
1339
1363
1368
1371
1388
1389
1405
1448;1520
1566
1343
1372;1393
1344
1623
1374
1412
1504
1198;1287;1437
1199
1313
1414;1591
1457
1345
1455
1586
1558;1611
1615
P_0
652;706;867
885;1003
978
264
509
65;69;70;77;79;83;84
