0
1;4;8;13;44;143;275;349
351
359;360
353
356
382;414
388
442;568
665
473
2
3;57;72;154;163;213
5;22;102;107;116
313;344;347;357
16;26
51;125;158
666
825
865
961
994
995;1366
1037
1106
1108
1213
1358
239;278
242
269
279
287;319
300
258
270
282;317
306;369;444;463
536;572;643
585;735
375
378
384
445
446;487;496
418;434
428
435
468;696;867
486
437
524;553
527
710
537
623
796;997
996;1071
647
470;634;975
494
605
627;803
712
714
526;574
577
588
606;686
930
999
529;550
540
612
757
940
1049
756
545
722
758
815;890
1054
1128
1234
554;579;761
566
638;900
659;720
692;817
785
946;984;1022;1371
1021
1178
664
954;1202
1032;1421
1099
1151;1300
1380
1153
1196
789;821;955
1096;1243;1297
1244
1245
617
856
1340
663
855
1241
901
1414
480;555;569
259;297;352
37;142;160;728;1143
471;535
462
363;538;546
6;138;159;183;212;243;266;302;325
11;126;139;204;226
