0
1;3;6;32;139;538;798;1166;1322
2
10
78;174;495;873;1181;1500;1869
1885
1905;1925;1939;1961
1896
2112
1927
2204
51
7
244;324;407;467
11;35;126;298;1128;1424
39;213;574;797
44
74;412;536;753;1250;1276;1346;1532;1593;1602;1637
196
216;461;1350;1479
448;499;604;767;1108;1245;1294
583;721;1020;1214;1326
867;1325;1540
979;1238;1382
576;1120;1412;1475;1552
1581
1600
1713;1754
1626
1735;1804;1853
591;876;890
609
628
805;937;1057;1139
961;1444;1497;1848
1871
1900
1943
2054
654;845
1033
690
1031
610
677
878;928
763;1288;1467;1693;1793
1893
950;1058;1105;1437
1509
1589
1616
1530
1553
1554
1588;1676;1726
1591
1656
765
894
1367;1587
1630
1783
1831
1866
1664;1796
1728
1855;1876;1947
1867
1913;2097
1922
1923;1953
1924;2019;2045
1932
2010
1954
2067
2037
2128
2214
1890
1950
1951
1911
1912
2184
1920;1931
2255
1872
1891
2175
2241
2194
2282
2285
1895
1914;2330
1935
2138
2248
1936
2134
2136
2137
2337
1694;1759
1374;1476;1607;1758;1904;2084
P_0
1752
665;1393;1436
5;8;60
115
