0
1
3;11;77
8;29;92
2;45;52;78;145;149;155;262;265;290
298
310;324
311;337;412;414
312
313
329;352
368
4;5;38;48;109;138;163;250;272;286;303;374;413;435
457
468;602
635
721
6;227;230
438;440
442;481
461;493;536
451;453
738
463;590
472;619
480
686;772
439;593
452
498
467;499
598
821
477
488
549;666;888
550
1100
548
659
693;813
927
466;657
487
626;804;969
654
714
875
891
963
1223;1227
892
919
980
1005
1092
1112
1178;1226
1183
1228
1241
1246;1382
1250
1255
1258;1276;1330
1260
1267
1313
1281
1291
1317
1238
1244
1242
1251
1243;1367
1253
1349
1350
1368
P_0
423
415;429;449;500;943
318;402;432
425;430;431;434;446
404;436;441
408;411;433
361;424
M1_2
