0
1
8;338;648;1339;3146;3890;4050;4367;4664;4700;4896
11
41;436;524;3323;3678;3836;4054
46;155;3028;3145;4208
66;209
519;790
418;651;823;932;1217;1299;2798;3952;4524;4904;5067
473;584
642;1135;1277;1783;2585;3673;3833;3995;4051;4550;4900
706;952;1438;1563;1590;1742;2216;4695
2
15;17;21;280;355;793;1085;2192;2304;2556;3031;3148;3189;3675
38;1403
61;404;679;966;1288;1397;1758;2594;2992;3843
62;1062;1244;1789
65;118;152
386;434;669;978;1191;1215;1658;3157;3650;4732
1066;2593;3329;3729;4482;4601;4698
72
82;231;488;739;789;881;1322;1501;1752;1981;2337;3007;3848;4012
181;408;1101;1118;2565
352;431;1740;2053;3078;3285;3433
125;1052;1100;1748;3269
200;318;370;797;1593;1659;1936;2018
5;33;226;299;1264;3604;3693;4561;4628;4659;4936
12
27
197;287;777;1059;1325;2307;2684;2834
112;463;482;1080;1184;2374;2716;2961;3205;4215
113;276;531;601;1043;3649
300;658;1075;1461
543;771;878;1347;1372;1466;1891;1935;2789
670;927;1148;1352;2651
680;1533;2072;2421;3041;3120;3567
828
1360;1574;2155;2270;2575;2612;2663;3090;3573;4123
829;872;990;1048;1225;1363
894
959;1175
1420;1642;3398;3965
1847
1095
2394;3455;3747;4020;4573;4707;4877
3309;4605
895
1093
1331;4496
1230
1336;2489
1585;2172;2627;2703;2786
1283;1365;1551;1966;2466;2783;3136;3663;4136;4580
1337
1605;3521;4176
2656;2765;4174
1419;2392;2430;2860;3443;4882
1488;1686;1731
1519;2119;2322;2778;3456
2003
2309;2848
2705
3185
3266;4153;4363;5017;5119;5131
3510
3585;3885;4244;4445;4773;4993;5128
3774;3884
4149;4201
4624
3071
3316
3718
4097;4470;4828;5087;5116
4095;4196;4441
3880;3988
2584
2629
2826;2872
3420;4237
3464;4093
3631;3715;3985;4358;4399
4037;4548;4756;4893;5106
5176
2871;3102;3144;3315;4718
3143;3766
3583
3630
3816;4621
3101
3539
3541;3626
3625;4755;5100;5145
4830;5117;5222;5266
3410
3504
3580
4925
4865
5162;5225
4961
5091
5210;5244
5229;5256;5294
5062
5063
5109;5192
5133;5292
5134
5168;5355;5502
5386
5138
5481
5503
5166;5241;5349
5181
5188;5270
5189;5207
5228
5236
5344
5439
5251
5040
5150
5490
5041;5079
5151;5546
5574
5093
5258
5276;5451
5326
5358
5484;5582
5094
5110
5171
5277
5537
5585
5262
5327;5360
5185;5278
5197
5365
5298;5482
5602
4236
3803
P_0
306;608;763;2190
39;54;74;654;853;1235;1703;1828;2378
1131;1216;1326;1507;1701;1786;2553
4
