0
1
11
250;325;649
815;861
15;112;198;260;304;382;1203;1437
16;341;566;1338
2
19
881;1149;1335;1583;1604;1682
3;4
5;81;366;511;674;1317;1357;1631
6;44;437;1474
754;839
997;1069;1249
1304
1851
2016
2048;2073
2045
2169
2066
2124;2146
8;26
10
18;31;209;389;688;990;1079;1381
66;548;611;632;1004;1022
131;780;894;928;1653;1781
151;399;456;1283;1441;1683;1708
173;195;284;536;576;952;1111;1270
725;753
819
959
995;1196;1223
1341
1353
1488
1367
1413
1435
1445
1479
1510
1585
1586
866
1210
1222
909
925
1450
1649
1660
1705
1714
1993
2010
1575
1695
1600
2093
1634
1720
1658;1904
1697;1898;2021
1702
1732;1857;1970
1760
1811;1835
1922;1943
2059;2070
2374
2060;2334
2096
2106
2151
2331
1981
2033
2308;2344
2085
2451
2160
2061;2219;2262
2086
2178
2098
2108
2107
2109;2158
2120;2199;2381
2122
2231
2220;2265
2222
2336
2350
1995
2063
2101
2141
2064
2357
2087;2111
2277
2351
2044;2065
2145
2164;2181
2239;2283
2363
2415
2440
1684
M3_0
1656
142;773;1281;1318
7
