0
1;5
67;213;250;525;729;1048
281;629;874;907;1398;1548
2
3
13
311;401;496;550;656;711;1086;1213;1294;1360
133;352;1023
345;414;495
6
235;634;867;978;1159;1226
253;561;721;846;974;1080;1694;1717
44
156;566;951;1115;1175
174;225;908;1549
94;371;438
97
4
938
1073;1153
1815
1825;1933
1845
1860
1898;1958
1957
523;556;1030;1058;1465
937
1609
1623
1644
1653;1747
1624
1645
1240;1253
1472
1241;1404;1457
1274
1303;1388
1332;1390
1346;1498
1357
1458
1683
1691;1907
1716
1878
1794
1785
1801
1684
1731
1771
1832
1751
1752
1786;1970
1753;1770;1795
1769
1787
1827
1988
1741;1755
1837
1874
2059
2113;2269
2138
1953;2216
2010
2035
2036;2135
1873
1975;2056
2000
2171;2210
1895
2256
2103
1797
1812
1859;2028
2291
1875
1929
2070
2072;2158;2246
2096
2126
2156
1876;1956;2201
1822
1955;2123
1993
2013;2027
2041
1976
2024;2143
2001
2087
1651
1389;1406;1424;1610
M3_0
M2_0
1285
242;427;723;1189
11;37;185;787;825;836
