0
1;7;302;383;396;818;1606;1917;2060;2548;2764;2889;3317
2
20;29;508;683;947;1131;1424;1573;1723;1979;2182;2390;2440;2526;2555
61
145;251;282;309;488;577;935;1052;1089;1310;1529;2417;2506
160;205;292;419;1205;2205
73
132;533;580;814;1867;1896;2047;2204;2387;2403;2639;3178;3402;3649
1298;1467;1754;1810;2605
3790
4102
3;75
5;32;154;529;574;800;1182;1309;1701;1775;1954;2110;2404
8;56;792;2195;2428;3100
13
210;524;588;750;853;979;2493;2551;2792;2811
522;762;805;985;1226;2268
611;630;756;900;1428
2471;2486;3182;3377
24;104;358;463;1033
34;388;832;1209;1376;1599;1686;2140;2507;2819;3037
39;642;700;1100;1429;1523
71;167;473;618;961;1970;2236;2336
96;596;675;711;1747
1916;2273;2755
130;690;1440
480;612;948
723
770
838;968;1023
912
1331
1380;1710;1767;1849;1932;1999;2678
810;839;1079
1039
1117
1120;1232;2002;2102;2199;2212;2294
2705;2851
2951;2981
3193
2777
2908
3495
2808
2836
2824;2838
2825
2884
2839
2853
2855
2932;3054
3159
3654;3709;4131
3815
4073
3816
4150
4210
3923
3970
4015
4037
4072
4203;4248
4145
4165
4186
4227
4272
4300
4307
2706
2915;2996
3397;3592
2730
2810
3065;3299;3768;3973;3995;4038
3507
2886;3093
2887
3300;3329
3361
2731
2750
2869;2941
3131
2791
2856;2885;2937
2867;3199;3413
2909
3027
3165
3176
3443
3511;3567
3098
3458;3597
3518;3556;3783;3839;4014
3398
3826;3957;4022
3399
3553;3858
3701;3726
3907
3400
3554;3729
3965
3456
3621;3980;4059
3487
3805
3517
4045
3575
3751
3683
3720
3825;3847
3851
4109
4128
4032
4033
4034
4067
4173
4458
4332
4375
4114
4116
4483
4240
4319
4415
P_0
2934;3017;3467
1362;2515;3603;3817
1075;1449;1633;1921;2748
1006;1025;1060;1277;1469;2059;2727;2902
1002;1382;1421;1711;1753;1769;2432;2531
389;655
