0
1
3;11
43;98;153;197;218;231;248;324;353;427;477
2
24;135;149;246;260;262;286
47;53;82;167;172;183;315;318;348
357
372
378;407
382;444
394
65
4;5;40;49;117;157;192;305;325;340;363;433;472;502
528;588
540
648
749
752
815
6;86;162;222;253;259;306;322;326;330;366;377;442
9;152;285
505;508
510
515
580
533
532;566;611;956
512
516
564
513;519
520;523
545
551
568;598
617;696;928;992
628
659
730
535;548
538
572
706;1035
884
550
742
561;626
882
704
1006
778;843;878
1350
428
537
736;937
601
621;643
734
901
733
801
802;1052
837
965
996;1071
1077
916
1086
1276;1325
984
1064
985;1124
1230
1014
1302
1088
1201
1232
1254
1281;1358
1310
1336
1410
1417;1439
1458
1564;1656
1459;1533
1508;1655;1998
1532
1534
1905
1422
1428
1597
1732
1431
1456
1499;1644;1798
1978
1470
1482
1595
1604
1660
2065
1488;1838
1844
2026
1423
1461
1462
1754
1460
1485
1486
1510
1752
1822
1828
1919
1432
1493;1515
1579
1445
1617
1569
1574
1575
1616;1684
1424
1441
1495;1520
1437
1464
1440
1707
1433
1479;1709;1781
2143
1447
1453
1454
1720
1969
1524
1555
1589
1636
1787
1873
1961
2169
1481;1556;2150
1795
2117
1796
2059
2196
2256
1642
1643
1976;2064
M7_0
506;536;587;994;1113;1395
P_0
1317
488;986;1208;1425
M4_0
483
475;495;517;573;1037
373;443;462;465;539;1065;1143;1167;1188;1291;1344
69;94;171;278;303;307;480;489;1210;1405
379;464;499
486;496;497;501;514
466;503;509
468;470;500
423;484
M1_2
