0
1;4
14;20;261;412;571;645;728;866;1661;1824;1971;2035;2168;2481;2565;2698;3146
40;165;900;944;1045;1099;1138;1270;1330;1776;2114;2134;2691;2908;3173;3247;3809;4196
849;884;929;964;1342;1472;1632;1745;1837;1927;2071;2317;2414;2523;2973;3103
962;1156;1325;1691;1732;1801;1947
3
17
46;272;447;604;656;921;1168;2946;3211;3275;3544;4732
1827
2401;2416
3517;3783;4108
5865
6033
6067
146;456;568;655;807;886;1360;1613;1991;2386;2475;3390;3512;3923;4230;5180
5;21;190;383;417;650;730;967;1072;1150;1530;1828;2123;2162;2471;2597;2738
9;193;385;883;1584;2494
10;251;689;773;1054;1093;1147;1246;1295;1378;1515;1593;2185;2406;2469;2663;2737
11;29;47
19
55;66;194;230;817;1368;2267;2342;4494
195;343;388;789;1894;2477;2495
24;113;139;266;563;829;891;1008;1114;1912;2007;2257;2716;2830;4957
35;254;873;1064;1209;1589;1621;1823;2231;2445;2480;2627;2652;3244;4675
39;210;386;584;668;790;991;1296;1487;1792;2110;2295;2378
41;60;80;693;836;1456;2910;2978;3879;4679
62;154;840;1649;1805;2136
103;389;405;536;681;834;1215;1913
105;149;319;754;1031;1229;1351;1605;2105;2124;2526;3355;3593;3950;4186
398;463;1668;2516;2550;2842;2956;3143;3878;4277;4733
400;679;806;1149;1158;1488;1709;2164;2954;3772
416;780;888;1195;1648;1683;1721;1979;2557;3132;4189
814;856;933;1587;2285;2572;2735;3008;3317;3717;3925
1742
1922
2554
2632
2703
2705
2724
2783
2857;2923
2986
4343
4687
4383
4456
4457;4531
4458
4459
4582;4741
4630
1884
5471;5592
5951
6009
5591;5738;5777
5737
5983
5773;5904
5868
2483
2606;2928;3892;4062
2859
2484
2609;2862
2607
2661;3118;4497
2680
2710;2791;3120
2761
2792;3157;3438;3789
2860
2936;3090
3226;3693;3895;4067
2612
2970
3665;3871;3941
2763
2764
3036;3570
2796
2900;3003
3234
2864
3196
3445;3648;4647;5033;5142;5691
3034;3443
5262
3035;3739;3897;4238;4348;4536;5114
3326;4116
3334;3373;3998;4164;5419
3488
3535;3750
4080;4124
4126;4321
2711;3005
3342
4212
2826;3099
2866;3236;3273
3100;3542
3206;3418
3305
3421;3762;3839;5420;5595
3460
3763;4251
3461
4008
3673
4047
3674
4007;4554
4776;4896
3675;3710
4048;4334
4088
4726
3918;4049
4009
4300
4480;5278
4085
4136;4182;4373
4335
4440;4711
5090;5194
5227
4050;4844;5013
4374
4783;4949
5545
4564;5093;5386
4618
4729
5294
4907;5337
4950
4951
5008
5011
5051
5201
5237;5658
5246
5618
5291
5293
5438
5445;5749
5483
5746
5887
6119
5924;5960
6121
6011
6054;6089
6073
6090
6091
6115
6137
6171
6179
4565
4953
5256;5630
5055
5174
5350
5056;5468
5057;5178
5101;5177;5523
5305
5347
5575
5578
5766
5800
4786;5015
5014
5251
5625
5016
5514
5017
5097
5209
5099
5358
5410
5530;5586;5636
5729
5359
5901
5997
6027
5685
5770;5805;5931
5804;5890
5838
5976
6029
6048
6463
6075
6076
6141;6401
6145
6199;6319
6200
6320
6323
6325
6470
5941
5978
6030;6215
6078
6342
6079
6127;6209
6346
6150;6343
6268
6363
6031
6283
6442
6161
6219;6438
5942
6085
6109
6110
6111;6232
6228
6231
6297
6065;6290
3740
5220;5416
5308;5364;5639
1907;2143;2340;2381;2630;2674;3853;3955;4312;4577
4966;5688
4420
5309
4922;5064
M8_0
3292;3725;4313;5063
M2_0
2781
2043;2198;2233;2522
51;104;147;237;291;620;824;942;1201;1328;1583;2133;2230;3019;3139
910;926;1311;1352;1465;1914
181;242;469;907;1292;1624;1772;1928;2218;2227;2265
25;27;68;171;446;495;1137;1646
