0
1;410;464;772;817;889;1157;1248;1364;1682;2291;2642;2712;2754;4353;5041
3
117;732;782;882;1633;4105;4779;4989;5458;6523
4;20;388;2474;3257;3522
5
64;365;1013;1244;1559;2142;2224;2477;2820
243
1125
1469;1664;1986;2056;4106
7052
16;203;279;1090;2185
26;41;1129;1573;1947;2460;2665;2812
35;54;108;257;664;969;2379;3737;4282;5329
40;67;129;217;590;704;958;1008;1375;2183;2514;2742;5448;5994
45;100;353;511;822;932;1019;1304;1374;1645;1762;1849;2818;3366
89;283;1247;1603;3043;3517;4422;4983;5452
139;166;332;439;467;527;659;1045;1131;1475;1944;2054;2741;4278;4416;5101
150;648;708;815;2410;2601
250;493;569;586;961;1020;1065;2259;5334;6189
424;1941;2431
610;1823;6236
638;1178;2250;2527
1460;2146;2876
4576
5464
5554
4640
5561
4780
4857
4858
5467
4860
5047;5641
4990;5176;5391
5045
5258
5731
1521;1589;1720;2121;2158;2682;3673
1332
1353;2021;3267
1412
1520
1691;1718;1741;2059;2830
1896
1900
2200
2384
4788;5186
2490;2942;3221
2537
4291;4583;4789;5056
5267
2491;2838;3432;3490;6131
2570;4120;4650;6076;6659
2686
2720
2763;5651
2767;2839;3171;4930
2842;3009;3333;3440
2886;3485
2889
2891
3057;5568
3105;4362;5739;6289
3173
3230;3285;4999;5132
3542
3680;4864
3691;5400
3906;4442
3978;6829
4046
4586
6933;7182
7021;7187
1368
1639
1760
1879;2423
3849
1787
1963;2288
1388
1545;1783;2505
1699;1754;2033;2353;4190;4659;5290;5581;6905
1723
1753
1994;2099;2392;3864;5139
1389
1470
1590
1667;1813;2000
2547
5069
1701
2132;2966;3628;4183
2079;2735;2903;4187
3637;4257
3707;5493
1501
1782;2617;2727;4191
2276
1502;3783;4451
1615
2208;2689
2574;4532;4595;6310
1698
1750;2309;3177
2035
2067;3444;4141;4596;5661
2123;2201
3065;4061;4139
2631
4553;4827
2810
3035;3352;3459;3505;4546;4817;4959
3133;3870
3135
3503;3996
3646;5012;6022;6707
4073;4604;4820;6418
4394
4551
4890;5296
5016;5307;5680;5965
5305;6315
3036
3194
3464;5426;5596
5157;5832;6093
3356
5519
4012;4086
4013;4277
5606
6324;6755
4087
4217;4412;4844
4340
4763;5438;5846;5979;6268
5707
6102;6715
4413
5098
6053
4561;6260
4562
5161;6036
5782
4618
5226;6319;6754
5834
4764
4845
5712
4909;5695
5032;5535
5097;5617
5524
5533;6039
5541;5989
5774
6321
6436
4978
5231;6116
5623;6781;6822
6521;6652
5033
5795
5929
6516
6599;6733;6858
6735
5229
5441;5927
6333
5230;5443;6058
5323
5928
6179;6338
6682;6886
5442
5717
6679
6173;6452;6555;6587
6174;6506
6177;6766
6229
6611
6866;6952;7012
7241
6653;7132
6739;6823
6782
6867
6954
6895
7034;7094
7095
7168
6740;6870;7204;7380
6868
6869
7248;7295
6929;7201
6956;7149
7016
7017
7045;7114;7271
7046
7171;7251
7227;7249
7250
7254
6741
6979
6898
7050;7173
7115
7381
4140;4316;4535;4733
1702;2178;2219;2509;4256
5800
6191;6287;6350
M7_0
1541;1582;4489
3000
1777
33;92;103;191;227;408;594;1092;1291;1346;1381;1482
44;99;118;188;685;834;852;929;1217;1326;1627;1681;1978;2381
466
12;165;241;564;862
