0
1
84;89;480;971;1004;1364;2304;2417
2631;2690
2869;2946
3008
3310
2689
2945
3071
3143;3757
3222
3223
3608
3759
3607
3392
2;20
11
12
18;60;109;178
23;103;119
58;97;104;227;254;284;564;1123;1363;1493;3838
4155
4186
4298
473;1469;2000
2161
2366
77
107
136;153
133;146;172;325;569;663;977;2039
2194
2349;2581
2951
3242
3673
2634;2693;3557;3620
2749
2948
3324;3618
2249
2870
3615
86;91;102
541;1495;1554
101
206;269;336
270;297
159
182
295
234;275;312
235
261
904;1129;1325;1372;3172;3509
1098;1130;1499;2199
262;277;359;552;2307
274;2047
276;402;828;956;988;1624;1712
314;398;1250;3158
326;1834
341;436;1063;1557
357
940;1789
2587;3929
382;650;809;867;3334;3629;4122
470;960;1890
523;609;1036
553
684;888;1428;1763
720;856;2103;2358;2808;3678
725;2212;3562;3725;3770
821;909;1067;1328;1612;3504;3845;4061;4276
903
2259
193
279
292;365;591;655
330
214
385;476;729;834
386
627;920;1669;1891
215
264
2547
2712;2901
2826
2215
2367
2490
2491;2710
3180
597
892;1391
893;1678
924;1000;1225
1029;1082;2109;2495;4074;4197;4239
1191;1726;1953
1302
1346
1729;2320;3795
2716;3860
709
837
838
927;969
1088
1352;1910
2068;2665;3886;4006
1440;2225;2450;3455;3859
839;1545;1913
896;3114;3791
929;1199;1359;2284;2392;3453
1001
1056;1200;1232;2286
1684;1859
1164;1603
1970;3595;4209
2732;3132;3952;4018;4204
1202
1921
2734;4443
3213;3290
1602;1648;2182;2787;3752
1826;2077
2076;2229;3138;3593
1318;4148
1403
1551
1650;1871
3376;3655;4287;4536;4712
4293;4323
1738;2086;2130;3218
1923;1971;2336;3004;3474;4150
2036
2343;3302;3382
2408
2866;3284
4210
3712
4027
4420
4092
4154;4271
4183;4492
4295
4352
4550
4620;4657
4799
4589
4618
4269
4350
4399
4518;4698;4720;4783;4817
4270;4675
4374
4451
4584
4603
4717
4742
4757
4453
4570
4705
4732
4496
4551
4659
4591
4662;4901
4663
4684
4707
4801
4833
4896
4930
5053
4497
4571;4843
4552
4873
4990
4624
4839
4871
4625
4840
5071;5093
5078
4777
4838;5068;5113
4842
4867
4903;5027
5106
4167
M7_0
263;730;3541
4212
7;13;59;120;135;513
55;99;156;218;253;348;511;840;930
54;72;96;123;130;173
M3_0
4;74
14
