0
1
7;21;223;418;825;895;1117;1138;1385;1571;1709;2012;3080
17;22
136;185;202;317;1065;1299;1631;1990;2111;2439;3189;3558
303;1186
96;148;796;1070;1867;2203;2435;2846;3075;3631;3745;3790
161;252;543;624;751;926;968
171;699;1517
419;665;795;1174;1529;1579;1596;1827;2483;2531;3286
506;642;692;726;1477;1754;1834;1980;2029
2
102;195;594;809;958;981;1044;1191;1258;1669;1803;3375;3462
121;298;1064;1190;1668;3188;3522
1567;1598;1965
4573
6
32
231;277
8
214;319;987;1506;1524;1760;1942
272;1658
9;53;206;310;427
18
48
540;1200;2121;2335
1301;1574;1591;1850;2174
19
167;460;536;739;979;1119;1327;1522;1539;1670;1805;2030;2146;2482;3133
37;67;156;450;962;1263
216;429;561;678;1268;1288;1317;1527
273;372;1559;2005;3843;4088
281;396;791;945;1283;1544;2015
677;1161;1400;2059
620;643;998;1091
683;1075
762
783;927;1239;2153
784;833;1204;1242;1857
815
817
891
1106
2093
2917
2184
2318
2539
2380
2497
2587;2852
2588
2591
2625
2736
2784;2858
2977
3192
3423
1707
1845
1928
2095
2642
2347;2695
2982
1899
1927;2043;2498;2638
1947
2345
1948
1819
1878
2188
1912
2222
2268;3213;3298
2647
3675;4091
1913;2049;2300;2563
1950;2194
1951;2227
1968
2046;2119;2388;2421
2047
1996;3396;3904
2051;2080;2652;2984
2118;2297;3150;3762;4097;4391;4762
2220
2814;3854;3901
3261;3433;3487;3640;4054;4096
1971
2307
2662;3067;4061
3366;3922
3505
4060;4464
2002
2101;3160;3219;3909;4099
2138
2165;2471;2822
4486
2427
2707;3053
2708;2939
2081
2517;3108
2829;3062;3271;3770
3111;4056;4146
2166
3059;3263;3401;3685;4629
2195;3107
2229;2272;2574;3503;3585;3650
2366;2398;2608;3448
2399;2610;2947
2760;3359
3115
3162;4487
3408
3815
2616
3697;3924;4020
3819;4105
4106
4235
4234
4311
2719
3176
3282;3549
3326;3513
3741
4168
3414
3883
4431
3511;3939;4167;4350
3662
3663;4036;4207
3021
3787;4032;4871
3129
3733;3973
3734
4276;4374
4028
3130
3509;4030
3785
3827
4245
4243
3624;4407
3781;3929
4477;4635
5175
4505
4728;4877
4537
4538
4563
5319
4665;5104;5138
4666
4730;5051
4995;5316
5001
5075;5274
5103
5106;5122
5139
5142
5202
5207
4286
4410;4968;5022
3984;4085
4442
4965
4508
4509
4613
4541
4612
4672
4737;4839
4385
4507
4890
4566
4567;4952
4733;4770
4886
4411
4570;4743
4618
4444
4478;4571
4479
4545;5034
4572
4983
4593
4641
4674
4675
4708
4799
4811
4654
4816;4929;5252
5089
4868
5221
4988
5117
5131;5157
5132
5356
5384
4626;4653
5156
5249
5291
4815
3195;4045;4546
M8_1
4255
2855;3887
3089;3292;3751;3796
M6_1
799;1270;1829;1943;2018;2289
1360
M2_0
129;444;874;1033;1353;2023;2278;3514
153;179;232
