0
1
13;30
51;115;161;381;510;1013;1119;1239;1344;1629;1683;2892;3073;3239
63;210;336;359;1020;1125;1487;1579
113
158
2
3;18
2242;3395;3688;3840;3889
4030
4202
4306
5504;5673;5902
5999;6132
5541
5801
5830;6064
5937
6062
6128
5562
5581
5734;5898;6209
5987
6116
11;48;111;191;220
4
8
136;488;506;528;675;713;994;1492;2301;2363;2822;3193
6;14;25;65;621;663;682;699;763;976;1095;1315;1734
46;187;247
75
138;404;546;1042
189;427;518;614;1832;2149;2369;2483;2587;2698;3141
680
725;1407;1549
781;885;1291
695
742;1078;1420;2224;3314;3511;3817
821;886;1220;1415;1905;4375;5723
865;963;2385;3037;3510;3866;4009;4052;4845;5148
696
726
758;908;1853;1963
851
1162;1432;1866;3275;3555;3652;3903;4223;4679;4839;5078;5342;5457;5526;5546;5605;5657
1867;1926;2569;3111;3331;3371;4010
782;2014
2172;3740;3980;5169;5447
2932;3164;3880;5250;5668
801;927
965
1007
1711;2171;3051;3625;3739;4348;5687
1961;2119;2784;3317;3905;4227;4438;4953
967;989;1033;1165;1237;1482;1625;2572;2946
1577;2131;2466;3232;4850
1116;1198;1386
1873;1977;2344;2574;2630
2028
1628
1773;2030;2079;2425;2891;2957;3071
2351
2813
1727
1772;1933;2527;3391;3490;3593;3628;3795;3982
4162;4203
4394;4947
4423;5133
5072
4353;4508;4671
4624;4707
4669
4708
4161;4352;4393;4420;4504;4617
4201
4463;4505
4580
4545
4706
4421;5115
4577
4620
4658
5174
5219
2290
2349
2883;3186;3629
2579;2956
5397;5502
5421;5451
5523
5539
5625;5693
5786;5954
6155;6476
5538
5841;6015
5915
5958
5450
5599
5624;5785
5646;5950;6010;6328
5948
5623
5689
5742;5783
6320
5784
5909;6145
5476
5763;5839;6318
5781;6228
5782;6316;6395
5645;5761
6003
5422;5816;5880
5580;5650
5601
5672
5749
5709;5920
5671;5790;5851;6092;6491;6771
5540
5629;5710
6036;6659
6362;6445;6658;6890
6796;7249
5696
5925;6034;6181;7246;7293
6513;6884
5890;6440;6654;6730;6882
5970;6587
6585
5628
5695;5855;6033;6178;6511
5793;6791
5821;7061
5651
5887
6100
6175
6505
6574
7043
5924
6102;6789
6177;6788
6870;7234
6098
6858
6099;6431
6176
6276
6357;6581;7051
6645
6854
6868
6949
5923;6631
5966;6030
6503;6708;6779
6946;7132
5795
6519;6900
6037
6186
5712;5930
6453
6831
5753
5826;7016
5856;6290;7112
5975;6292
6370
7201
6109;6927;7278
6528
6926
7206
5697
5711
5797
5824;5892
5927;5974;6039;6289;6451
5973
6038;7101
6602
6288;6525;7188
5752;5823;6366;6523
5732
5822;5891;6286;6909;7179
5972;6191
6107;6522
5796
6671
6746;6995
P_0
22;54;421;765;823;890;1644;1784;2256;2753;3699;4428;5503
59;85;589;807;894;996;1342;1729;1879;2080;3014;3492;3631;3987;4031;4354;5009;5073;5307
709;916;1093;1131;1538;2748;3021;4079;4123;4772;5275;5331;5652
31;40;107;460;615;640;668;1016;1241;1311;1488;2083;2894;3018;3634;4209;4510;4714;4770;5075
19;24;123;141;324;847;1017;1594;1892;1993;2094;3406;3453;4429;4833;5277;5399;5627
356;537;736;1088;1126;1240;1536;2478;2585;3190;3538;3633;4307;5228
29;177;208;539;776;940;985;1024;1693;2043;2646;2903;4126;4626
42;87;644;715;740
53;341;527;600;798
206
