0;1;2
3;6;8
12;201;205;224
5
25
100
7
9
46;83
196;210;221;275;299;307;425;556;601;664;691;715;962;1085;1110;1136;1164;1184
1193
1200;1478;1624
1223
1320
1697
1413;1547;1695
1205;1481
1210
1255;1538;1689
1356
1617
1219
1285
1314;1543;1692
1326
302
322;338
642
797
1231
1277;1466
1303;1465
1302
1463;1667
1596
812;841
1208
1217;1233
1600
1678
1306
1399
314;318;336;341
319;325;331;370
521;549
752
764
788
858
821
1090
826;884
842;863;979
854;894
857;939;1067
861
895
1006
1134
320;332;358;439;507
374
449;508;634;716;735
342;354
405;618
540
570
581;679;721
755
1135
355
406;555;573;961
586;629;773
625
687
1183
1191;1509
1192
1203;1229
1650
1252;1719
1267;1294;1447;1502
1449
1196;1290;1571
1206;1211;1485
1241;1264
1246
1370
1385;1982
2223
2419
1386
1826;1855;2028
2070;2281;2536
2280;2739
1946;2176
1654
1798;1825;1854;1887;1920;1985;2027
2225
2336;2492
2391;2493
2067
2274
2489;2657
1728
1948;2674;2703
2341;2452;2591
1827;1987
2029
2227
2630
1919;2174;2566;2656
2173;2384;2565;2681
2224;2428
2379;2677
2486;2559
2637
1273;2157
1274
2216
2319
2320
1275;1348
1836
1977
1345;1461;1873;1971
1391
1973;2017;2207
2510
1592
1834
1198;1207;1589;1732;1895
1230;1890;2030;2231
1456;2239;2508;2547
1458
1587;1864
2138
1516;1869
1586;1828;2126;2184;2285;2399
1591;1659;2245
1860
1861
1862
2035;2076
1593
1979;2374
2119;2168;2327
2118;2166;2476
2597
927;1180;1185;1240;1484
520;654;993;1178;1186
1098;1153
903;1002;1066;1159;1167;1169;1189
1079;1133;1170;1181
28;97;128;206;225;267;277;304;316;600;1031;1150;1168;1174
71;112;194;212;250;276;279;282;288;297;300;306;309;317;346;589;891;1149;1176
10;56;111;120;169;172;198;278;305;308
26;79;113;130;141;173;209;234;243;262;284
