0;1
2
5;30;44;94;179;830;859;1086;1217;1242;1329;1431;1602;1882;2320;2361;2825
8;20
41;89;297;823;1341;1372;1472;1675;1893;2075;2268;2337;2583;3026;3154;3524;3723;3766;3863
197;378;443;600;887;1251;1477;1597;1653;2008;2046;2489;2546;3314
9;10
165;633;705;782;991
327;650;736;1085;1256;1858;2018;2280;2798;3160;3209;3347;3506
11;106;118;217;891;1050;1262;1316;1938;1995;2299;2401;2509;2564;2761;3062;3482;3667;3819
29;52;59;323;557;772;1017;1048;1181;1239;1269;1769;2185
3
7
16;84;213;230;433;542;1006;1121;1174;1307;1351;1598;1690;1824;1951;2194;2389;2743
39;86;113;255;347;513;1791;1922;2071;2681;2920;3214
188;253;484;617;870;914;1698
15;83
127;151;211;639;683;719;1347;1378;1511;1860;2019;2362;2459;2496;2520
341;659;910;1331;1523;1641;2573;2917;2945;3071;3367
17
35;263
1486
1581;1604
1764;2067;2221;2615
2715
3820;3950
4041
4332;4431
4360
4084
4154;4189
4217;4242;4259;4312
4257;4284
4214;4428
82
791;814;1116;1697
1141;1169;1722;1832;1936;1956;2096;2164;2522
4
6
22;123;334;394;536;680;711;902;1362;1522
31;37;54;98;169;207;221;279;456;901;965;1352
53
95;276;332
96
182;278;709;1058;1273;1693;2494;2516;2779
21
45;785;831;961;1161;1409;1536;1568;1667;2141;2335;2472;2664;2730
242;1023;1209;1320
1485;1627;1665;1761;1885;1959
2965;3021;3363
2786
2960;2983
2787
2856
2788;2936
3093
2789;2812
2937;2993
2814
3105
2883;3326
3097
3266;3332;3404
3380
1813;1837
2262
1763;1836
2713
2785
1517;1580;1725;2212
1724;1760;1811;2204;2498
1726;2062
3022
3313;3391;3458;3658
3366;3753
3459;3578;4107
3460;3565;4039
3664;3683
3242;3537;3958
3243;3311;3340
3471;3497;3515
3560;4291
3620
3710
3797
3798
3277
3386;3408
3535;3611
3695
3865
3493
3534
3641;4286
4191
3339;3541
3492;3572;3637
3727;3821
3822
3511;3614;3699;3870
3700;3836;3963;3997;4093
4080
4188
4210
4279
4412;4497
4789;4946
4081
4280;4449;4721
4300
4325
4376
4117
4209;4541
4298;4323;4373;4861
4372;4493
4444
4494;4701
4536;4708
4860
4234
4404
4340
4187
4295
4664;4756
4208;4297
4684
4232;4251
4233
4277
4367;4591
4401;4668
4368;4595
4436
4118
4211
4238
4328;4382;4509;4565;4640;4810
4237
4281;4327
4875;4955
4878
4301;4345
4801
5000
4725
4212;4239
4307
4754
4351
4466
4661
4926;5030
4304
4569;4899
5042
4306
4574
4346
4816
4350;4386;4832
4421;4460;4513
4463;4828
4573
4736
4831
4982
5016
3509;3636
2837;2935;3354;3430;3771
2813;3432;3946;3985
3453
172;250;283;1117;1246;1299;2821;2848;2931;3412;3945;3984;4315;4336;4928
277;635;1295;1434;1626;2497;2572;2675;2745
135;351;1013
