0
1;4;91;142;203;223;574;678;757;1063;1281;1506;1537;1695;1758;1792;2308;2564
2;80;374
803;955;1008;1831;1936;2188;2412;2525;2821;3003;5812;6085
1370;1614;1788;2224;2650;2960;3171;3327;3552;4083;4273;4764
3;12
39;162;423;898;1114;1190;1443;1509;1605;1850;2213;2605;2899;3072;3206;3246;3259;3885;4399;4601;5987;6687
330;1360;2340;5976
5
31;286;561;1093;2211;2753;2798
3390;3530;3878;3945;4539;4767;6083;7181;7526;7588;7638
55;150;260;1091;1231;1379;1868;2103;2215;2452;2818;2991;3033;3506;4378;6064;6602;7524
6
35;293;538;1141;1180;1500;2193;3031;5658
49;139;263;818;1387;1776;2067;2137;2586;3261;3726;6520;7521
7;20;37;42
197;416;674;709;938;1032;1060;1182;1594;1775;1922;2237;2706;2835;2900;3745;4536;4911
358;637;675;1146;1311;1431;1670;1854;2413;3197;3724;3886;4006;4591;4973;6421;7581;7669;7884
8;84;148
13
53;79;209;308;336;579;724;953;1611;1770;1918;1982;2018;2085;2468;2813;2874;3473;4988;5335;5744
63
278;723;1072;2036;2262;2500;2532;2698;3228;4324;4741;4893;5247;5443;6929;7012
14;22
45;101;115;591;776;1343;1589;1976;2011;2118;2244;2668;2977;3056;3234;4772;5393
446
590;736;1296;1654;1938;2536
1089;1763;2437;2634;2672;4267;4676;6851
19
3427;3704
4227;4418
4853
7861;7874;7903
1057;2282;3062;3130;3775
26;1239;1428;1562;1797;2376;2415;2964;3108;3204;3286;3416;3466;3644;4331;4750;5449;6076
52;107;178;484;608;640;975;1673;1806;1857;2417;2495;2855;3102;3132;3278;3900;4197;6148;6322;7630
89;118;573;715;824;972;1318;1357;1733;2123;2276;2722;3209;4055;4598;5257
233;314;916;987;1685;2295;2708;3455;4410;5268;5815
3215;3346;3481;3707;3810
3345;3807;3859
5605;5692;5922;6098
5689;5920
6456;6627
5690
5923
4921
5341;5750
5531;5820;6003;6348
4998;5134
5603
6262
5688;5753
6185
5201;5399;5818;6529
5342
5404
5470;6012
5405
5918;6261
5406
5469;6451
5819
3429;3567;3756
3479;3521;3854;3978
3523;3602
3564
3660;3748
2966
3249;3300
3349;3668;4441;4510;5031;5364;5431;5781;7134;7270
3765
3301
3388
3434
3571
3822
5238;5564;7057
3615;3713;3821;4578;5506;6811;6962
3712;4512
4320;5374;6723;7198
4821
3386
3529;4647;5295
4639;5773
3432;3485;3762;5617;5769;7749;7816
3385
3814;3868
4302;5077
4306;4560;4798;5011;5356
3484
4236;5416;7383
4360
4491
3527;3861;4293;5136;5273;5831;6552
3757;4165;5924;6023;6462
4656;4962
5169;5866;6734
6302;6403;6654;7498
6402;6490
4888;4961
5240
5721;6133;6211
5791;6584
5957;6892;7070;7830;7860
6049;6488;6972
6651;6821;7291
5102
5789
6300;6729
5168
5438
5509;5864;7316
7142;7609
6296;6966
6645
5437;5508;6481;7299
4321;4375;4519;4737;4964;5038
5241;5311;6224;6756;7300;7500
5648;5796
6227
6411
6597
7099;7363;7571
4518;4963
5171
5647;5727
6754
6837
5870;6223;7352;7564
5377;5440;5868;5964;6834
4657
5037;5512;6219;6745;6910;7507;7787;7808;7843
5103;5170;5566;5867;5961;6310;6989;7785;7825
5642;6902;7220
7767
7882;7910
7873
7918
7811
7872
7909;8038;8121
7941;7960;8084
7938
7971;8028
8000
8026;8159
8072
8101
8152
8242
7871;7895;7927;8137
7881;7901
8047;8186
8187
7917;7961
7966;7993;8022;8056
7968;8150
8093
5921;6096;6629
7186;7640;7675
5403;5916;6942
316;444;1134;1295;1376;1557;1866;2255;2979
3303;3766
625;698;737;923;988;1493;1762;1974;2116;2538;2738
58;189;450;816;930;1459;1495;2595;2745;2865
1480;1921;2059;2361;2395;2597;2826;3142;3424
