0
2
3
7
21;30;331;575;606;1591;1696;1759;2574;3024;3114
47
9;12;17;75;189;489;736;860;975;1180;1249;1278;1567;2027;2447;2503;2653;2677;2793;2971;3105
25;40;418;466;712;1091;1221;1544;1717;1883;2005;2113;2248
26;76;338;368;422;468;923;1520;1568;1623;1801;1944;2089;2224
34
107;303
173
192;921;980;1392;1448;1742;1881;2231;2259
8;10;15
22;44;312;449;590;1678;1712;2109
23;49;220;695;953;1133;1158;1192;1289;1309;1972;2366;2609;2665;2689;2983;3090
45;136;376;618;659;1429;1811;2858;3102
96
619;807
222;377;430
380;560;991;1014;1529;2234
33
74;85;296;350;456;1467;1662;1779;1999;2030
86;123;182;352;405;995;1045;1203;1319;1411;1538
101;632;793;848;1146;2313;2562
102;601;633;817;933;1171;1298
120;698;1165;1690;2380;2561;2828;3046;3198
145;185
202;292;472;720;876;1496;1698;1725;2072;2103;2207;2403;2459;2576;2803
479;629;1048;1114;1144;1754;1824;2389;2977;3082
4;6;13
1834;2044
2121;2302
3853;4043;4202
3903
41;745;1224;1601;3116;3311;3416;3427;3472
1833;2099;2245;2300;2340;2985;3226
3259
3298;3314
3361;3429;3497
3498
3362;3382;3399
3260;3270
3290
3346;3385;3407
3463
3330
3345
3316
3478
3502
3384;3477
3453
2440
2471;2493
2583
2671
2843
2585;2743
2643
2472;2776;2878
2524;2555
2525
2556
2887
2644;2748;2817;2923
2645
2819
2122;2145;2411;2436
3367
3386
3613;3816
3614
3676
3917
3436;3864
3562;3694;3912;3993
3579
3649;3695
3486;3508
3577;3628
3761
3990
3627
3561
3368
3387;3408
3468
3538
3586;3794
3848
3666
3585;3931;4004
3684;3792
3437;3512;3584;3753
3466
3890
3892
3537;3657
3582;3681
3583;3618;3660
3604
3509;3580
3601
3488;3513
3667;3688
3668;3717
3897
3940
4222;4407;4583;4638
3757
3939
4080;4330;4498
4163;4218
4030;4162
4078;4269
4662
3799;4121;4166;4221
4029
4076
4161
4214
4215;4398
3756
3937;4008
4007;4477
4057;4111
4113
3798
3936
4209;4556
4107
4552
3587
3621
3669
4195;4469
4373
3758
3851
3984
4190;4299
4246
3901
3983
4137
3943;4013
4447
4537
4296
3759
3902
4369;4462
4606
4041
4249
4304
4090;4303;4367
4542
3642
3900;4134
3979;4038
4037;4062;4284
4085
4086
4357
3718
3941
3977;4033
4172;4276;4342
4036
4130
4352
4234
4351
2747;3312
2746;2780;2815;3068;3157;3227;3377;3417
3214
2586;2718;2745;2959;2995;3258
3158;3280;3328
183;670;1047;1350;1692;2100;2246;2523;2613
27;69;77;154;194;369;1366;1569;1625;1649
